%YAML:1.0
---
internal_camera_matrix: !!opencv-matrix
   rows: 3
   cols: 3
   dt: d
   data: [ 1348.7813672088389, 0., 960.57640715772266, 0.,
       1348.5775994073119, 535.73536773770172, 0., 0., 1. ]
distortion_coefficients: !!opencv-matrix
   rows: 1
   cols: 5
   dt: d
   data: [ 0.020342696048965502, -0.066161440260311483,
       -0.00044114127837958293, -0.00043754641158428746,
       0.09363430196113208 ]
uncertainties: !!opencv-matrix
   rows: 9
   cols: 1
   dt: d
   data: [ 53.524769582285138, 51.758175419653632, 55.484895282676163,
       45.215760054020286, 0.18568003390853538, 0.64078973852901244,
       0.0084733884428257571, 0.013571270466816424, 0.66157531507141687 ]
