pygame 2.6.1 (SDL 2.28.4, Python 3.13.0)
Hello from the pygame community. https://www.pygame.org/contribute.html
extracted_frames/frame00150.jpg
extracted_frames/frame00160.jpg
relative movement in image pair
[[ 1.     -0.0009 -0.0025  0.1038]
 [ 0.0009  1.     -0.      0.9946]
 [ 0.0025  0.      1.      0.0022]
 [ 0.      0.      0.      1.    ]]
num vertices: 831
num edges: 1658
Performing full BA:
num vertices: 831
num edges: 1658
Performing full BA:
'Camera 0 [0] True (0.000000 0.000000 0.000000) [[1. 0. 0.]\n [0. 1. 0.]\n [0. 0. 1.]] (0.000000 0.000000 0.000000)'
'Camera 1 [1] True (0.007832 0.963284 -0.000359) [[ 1.     -0.0003  0.    ]\n [ 0.0003  1.      0.0009]\n [-0.     -0.0009  1.    ]] (-0.008086 -0.963282 -0.000549)'
limit_number_of_camera_in_map
extracted_frames/frame00170.jpg
relative movement in image pair
[[ 1.      0.0009 -0.0021  0.0655]
 [-0.0009  1.     -0.0015  0.9977]
 [ 0.0021  0.0015  1.     -0.0195]
 [ 0.      0.      0.      1.    ]]
Matches with map:  525
num vertices: 1175
num edges: 2869
Performing full BA:
num vertices: 1175
num edges: 2869
Performing full BA:
'Camera 0 [0] True (0.000000 0.000000 0.000000) [[1. 0. 0.]\n [0. 1. 0.]\n [0. 0. 1.]] (0.000000 0.000000 0.000000)'
'Camera 1 [1] True (0.004399 0.964540 -0.000251) [[ 1.     -0.0002  0.0001]\n [ 0.0002  1.      0.0009]\n [-0.0001 -0.0009  1.    ]] (-0.004591 -0.964539 -0.000626)'
'Camera 831 [2] False (0.009275 2.012456 -0.000262) [[ 1.     -0.0004 -0.    ]\n [ 0.0004  1.      0.0016]\n [ 0.     -0.0016  1.    ]] (-0.010044 -2.012450 -0.002993)'
limit_number_of_camera_in_map
extracted_frames/frame00180.jpg
relative movement in image pair
[[ 1.      0.0013  0.0001  0.0037]
 [-0.0013  1.      0.0007  0.9998]
 [-0.0001 -0.0007  1.     -0.022 ]
 [ 0.      0.      0.      1.    ]]
Matches with map:  472
num vertices: 1432
num edges: 3851
Performing full BA:
num vertices: 1432
num edges: 3851
Performing full BA:
'Camera 0 [0] True (0.000000 0.000000 0.000000) [[1. 0. 0.]\n [0. 1. 0.]\n [0. 0. 1.]] (0.000000 0.000000 0.000000)'
'Camera 1 [1] True (0.006852 0.968732 -0.001315) [[ 1.     -0.0002  0.0001]\n [ 0.0002  1.      0.0008]\n [-0.0001 -0.0008  1.    ]] (-0.007075 -0.968731 0.000561)'
'Camera 831 [2] False (0.010837 2.013959 -0.000233) [[ 1.     -0.0004 -0.0001]\n [ 0.0004  1.      0.0016]\n [ 0.0001 -0.0016  1.    ]] (-0.011621 -2.013952 -0.003042)'
'Camera 1175 [3] False (0.018507 3.180125 -0.003616) [[ 1.     -0.0006  0.0001]\n [ 0.0006  1.      0.0019]\n [-0.0001 -0.0019  1.    ]] (-0.020336 -3.180115 -0.002385)'
limit_number_of_camera_in_map
extracted_frames/frame00190.jpg
relative movement in image pair
[[ 1.      0.0053  0.0025 -0.1106]
 [-0.0054  0.9992  0.0396  0.2089]
 [-0.0022 -0.0396  0.9992  0.9717]
 [ 0.      0.      0.      1.    ]]
Matches with map:  432
num vertices: 1759
num edges: 4934
Performing full BA:
num vertices: 1759
num edges: 4934
Performing full BA:
'Camera 0 [0] True (0.000000 0.000000 0.000000) [[1. 0. 0.]\n [0. 1. 0.]\n [0. 0. 1.]] (0.000000 0.000000 0.000000)'
'Camera 1 [1] True (0.007106 0.969398 -0.001254) [[ 1.     -0.0002  0.    ]\n [ 0.0002  1.      0.0008]\n [-0.     -0.0008  1.    ]] (-0.007312 -0.969397 0.000518)'
'Camera 831 [2] False (0.012029 2.017994 -0.000136) [[ 1.     -0.0004 -0.0001]\n [ 0.0004  1.      0.0015]\n [ 0.0001 -0.0015  1.    ]] (-0.012736 -2.017987 -0.002896)'
'Camera 1175 [3] False (0.052196 3.182817 -0.007208) [[ 1.     -0.0006 -0.0008]\n [ 0.0006  1.      0.0018]\n [ 0.0008 -0.0018  1.    ]] (-0.054032 -3.182794 0.001538)'
'Camera 1432 [4] False (0.001600 4.453782 -0.003035) [[ 1.     -0.0003  0.0024]\n [ 0.0003  1.      0.0028]\n [-0.0024 -0.0028  1.    ]] (-0.002961 -4.453772 -0.009429)'
limit_number_of_camera_in_map
extracted_frames/frame00200.jpg
relative movement in image pair
[[ 1.      0.0069  0.0035  0.2372]
 [-0.0071  0.9991  0.0422 -0.0961]
 [-0.0032 -0.0422  0.9991 -0.9667]
 [ 0.      0.      0.      1.    ]]
Matches with map:  426
num vertices: 2055
num edges: 5939
Performing full BA:
num vertices: 2055
num edges: 5939
Performing full BA:
'Camera 0 [0] True (0.000000 0.000000 0.000000) [[1. 0. 0.]\n [0. 1. 0.]\n [0. 0. 1.]] (0.000000 0.000000 0.000000)'
'Camera 1 [1] True (0.008902 0.970313 -0.001414) [[ 1.     -0.0002  0.    ]\n [ 0.0002  1.      0.0007]\n [-0.     -0.0007  1.    ]] (-0.009104 -0.970312 0.000705)'
'Camera 831 [2] False (0.013455 2.019860 -0.000337) [[ 1.     -0.0003 -0.0001]\n [ 0.0003  1.      0.0015]\n [ 0.0001 -0.0015  1.    ]] (-0.014104 -2.019854 -0.002596)'
'Camera 1175 [3] False (0.020302 3.189416 -0.003983) [[ 1.     -0.0005  0.    ]\n [ 0.0005  1.      0.0016]\n [-0.     -0.0016  1.    ]] (-0.021785 -3.189408 -0.001152)'
'Camera 1432 [4] False (0.087782 4.462110 -0.012196) [[ 1.     -0.0005  0.0002]\n [ 0.0005  1.      0.0025]\n [-0.0002 -0.0025  1.    ]] (-0.090048 -4.462082 0.000895)'
'Camera 1759 [5] False (0.156488 5.821746 -0.006703) [[ 1.     -0.0006  0.0003]\n [ 0.0006  1.      0.0035]\n [-0.0003 -0.0035  1.    ]] (-0.159860 -5.821642 -0.013813)'
limit_number_of_camera_in_map
extracted_frames/frame00210.jpg
relative movement in image pair
[[ 1.      0.0004 -0.0012  0.0779]
 [-0.0004  1.      0.0027  0.9969]
 [ 0.0012 -0.0027  1.      0.0138]
 [ 0.      0.      0.      1.    ]]
Matches with map:  391
num vertices: 2345
num edges: 6886
Performing full BA:
num vertices: 2345
num edges: 6886
Performing full BA:
'Camera 0 [0] True (0.000000 0.000000 0.000000) [[1. 0. 0.]\n [0. 1. 0.]\n [0. 0. 1.]] (0.000000 0.000000 0.000000)'
'Camera 1 [1] True (0.008461 0.965669 -0.000851) [[ 1.     -0.0002  0.    ]\n [ 0.0002  1.      0.0009]\n [-0.     -0.0009  1.    ]] (-0.008678 -0.965668 0.000009)'
'Camera 831 [2] False (0.012659 2.011707 0.000788) [[ 1.     -0.0004 -0.0001]\n [ 0.0004  1.      0.0017]\n [ 0.0001 -0.0017  1.    ]] (-0.013373 -2.011698 -0.004204)'
'Camera 1175 [3] False (0.016497 3.179255 -0.002381) [[ 1.     -0.0005  0.0002]\n [ 0.0005  1.      0.0019]\n [-0.0002 -0.0019  1.    ]] (-0.018067 -3.179245 -0.003669)'
'Camera 1432 [4] False (0.086047 4.450784 -0.010140) [[ 1.     -0.0006  0.0002]\n [ 0.0006  1.      0.0029]\n [-0.0002 -0.0029  1.    ]] (-0.088520 -4.450746 -0.002584)'
'Camera 1759 [5] False (0.133455 5.812026 -0.005145) [[ 1.     -0.0006  0.0009]\n [ 0.0006  1.      0.0038]\n [-0.0009 -0.0038  1.    ]] (-0.136990 -5.811922 -0.016880)'
'Camera 2055 [6] False (0.242671 7.226842 0.000044) [[ 1.     -0.0007 -0.0005]\n [ 0.0007  1.      0.0053]\n [ 0.0005 -0.0053  1.    ]] (-0.247793 -7.226567 -0.038339)'
limit_number_of_camera_in_map
extracted_frames/frame00220.jpg
relative movement in image pair
[[ 1.      0.0055  0.0016  0.1179]
 [-0.0055  0.9989  0.0469 -0.1013]
 [-0.0013 -0.0469  0.9989 -0.9879]
 [ 0.      0.      0.      1.    ]]
Matches with map:  378
num vertices: 2635
num edges: 7835
Performing full BA:
num vertices: 2635
num edges: 7835
Performing full BA:
'Camera 0 [0] True (0.000000 0.000000 0.000000) [[1. 0. 0.]\n [0. 1. 0.]\n [0. 0. 1.]] (0.000000 0.000000 0.000000)'
'Camera 1 [1] True (0.008138 0.965779 -0.000800) [[ 1.     -0.0002  0.    ]\n [ 0.0002  1.      0.0009]\n [-0.     -0.0009  1.    ]] (-0.008347 -0.965777 -0.000039)'
'Camera 831 [2] False (0.011742 2.011701 0.000797) [[ 1.     -0.0003 -0.0001]\n [ 0.0003  1.      0.0017]\n [ 0.0001 -0.0017  1.    ]] (-0.012418 -2.011693 -0.004216)'
'Camera 1175 [3] False (0.015079 3.178301 -0.001992) [[ 1.     -0.0005  0.0002]\n [ 0.0005  1.      0.0019]\n [-0.0002 -0.0019  1.    ]] (-0.016569 -3.178291 -0.004160)'
'Camera 1432 [4] False (0.084301 4.452071 -0.009301) [[ 1.     -0.0005  0.0003]\n [ 0.0005  1.      0.0028]\n [-0.0003 -0.0028  1.    ]] (-0.086570 -4.452035 -0.003284)'
'Camera 1759 [5] False (0.127905 5.814171 -0.004326) [[ 1.     -0.0005  0.001 ]\n [ 0.0005  1.      0.0037]\n [-0.001  -0.0037  1.    ]] (-0.131067 -5.814076 -0.017448)'
'Camera 2055 [6] False (0.235057 7.225079 0.001169) [[ 1.     -0.0006 -0.0003]\n [ 0.0006  1.      0.0053]\n [ 0.0003 -0.0053  1.    ]] (-0.239645 -7.224819 -0.039714)'
'Camera 2345 [7] False (0.302934 8.685141 0.008367) [[ 1.     -0.0009 -0.0007]\n [ 0.0009  1.      0.0068]\n [ 0.0007 -0.0068  1.    ]] (-0.310958 -8.684601 -0.067199)'
limit_number_of_camera_in_map
extracted_frames/frame00230.jpg
relative movement in image pair
[[ 1.      0.0047  0.0028  0.1298]
 [-0.0049  0.9989  0.0469 -0.1274]
 [-0.0026 -0.0469  0.9989 -0.9833]
 [ 0.      0.      0.      1.    ]]
Matches with map:  373
num vertices: 2937
num edges: 8799
Performing full BA:
num vertices: 2937
num edges: 8799
Performing full BA:
'Camera 0 [0] True (0.000000 0.000000 0.000000) [[1. 0. 0.]\n [0. 1. 0.]\n [0. 0. 1.]] (0.000000 0.000000 0.000000)'
'Camera 1 [1] True (0.008234 0.965803 -0.000761) [[ 1.     -0.0002  0.    ]\n [ 0.0002  1.      0.0009]\n [-0.     -0.0009  1.    ]] (-0.008444 -0.965802 -0.000079)'
'Camera 831 [2] False (0.012120 2.011641 0.000825) [[ 1.     -0.0003 -0.0001]\n [ 0.0003  1.      0.0017]\n [ 0.0001 -0.0017  1.    ]] (-0.012802 -2.011632 -0.004245)'
'Camera 1175 [3] False (0.015439 3.178215 -0.001960) [[ 1.     -0.0005  0.0002]\n [ 0.0005  1.      0.0019]\n [-0.0002 -0.0019  1.    ]] (-0.016927 -3.178206 -0.004189)'
'Camera 1432 [4] False (0.085065 4.451876 -0.009376) [[ 1.     -0.0005  0.0003]\n [ 0.0005  1.      0.0028]\n [-0.0003 -0.0028  1.    ]] (-0.087333 -4.451841 -0.003177)'
'Camera 1759 [5] False (0.131905 5.815591 -0.004605) [[ 1.     -0.0006  0.0009]\n [ 0.0006  1.      0.0037]\n [-0.0009 -0.0037  1.    ]] (-0.135113 -5.815494 -0.016815)'
'Camera 2055 [6] False (0.239866 7.226499 0.001180) [[ 1.     -0.0006 -0.0005]\n [ 0.0006  1.      0.0053]\n [ 0.0005 -0.0053  1.    ]] (-0.244375 -7.226242 -0.039177)'
'Camera 2345 [7] False (0.271872 8.696374 0.011720) [[ 1.     -0.0007  0.0001]\n [ 0.0007  1.      0.0065]\n [-0.0001 -0.0065  1.    ]] (-0.278191 -8.695918 -0.067847)'
'Camera 2635 [8] False (0.314688 10.223015 0.017665) [[ 1.     -0.0007  0.0007]\n [ 0.0007  1.      0.0071]\n [-0.0007 -0.0071  1.    ]] (-0.321920 -10.222401 -0.090871)'
limit_number_of_camera_in_map
extracted_frames/frame00240.jpg
relative movement in image pair
[[ 1.      0.0034  0.0045 -0.0165]
 [-0.0036  0.9988  0.048   0.2061]
 [-0.0043 -0.048   0.9988  0.9784]
 [ 0.      0.      0.      1.    ]]
Matches with map:  404
num vertices: 3224
num edges: 9766
Performing full BA:
num vertices: 3224
num edges: 9766
Performing full BA:
'Camera 0 [0] True (0.000000 0.000000 0.000000) [[1. 0. 0.]\n [0. 1. 0.]\n [0. 0. 1.]] (0.000000 0.000000 0.000000)'
'Camera 1 [1] True (0.007979 0.964763 -0.000743) [[ 1.     -0.0002  0.    ]\n [ 0.0002  1.      0.0009]\n [-0.     -0.0009  1.    ]] (-0.008181 -0.964762 -0.000087)'
'Camera 831 [2] False (0.011479 2.009185 0.001065) [[ 1.     -0.0003 -0.0001]\n [ 0.0003  1.      0.0017]\n [ 0.0001 -0.0017  1.    ]] (-0.012133 -2.009177 -0.004463)'
'Camera 1175 [3] False (0.014320 3.175092 -0.001917) [[ 1.     -0.0004  0.0002]\n [ 0.0004  1.      0.0019]\n [-0.0002 -0.0019  1.    ]] (-0.015709 -3.175084 -0.004114)'
'Camera 1432 [4] False (0.082821 4.447103 -0.009282) [[ 1.     -0.0005  0.0003]\n [ 0.0005  1.      0.0028]\n [-0.0003 -0.0028  1.    ]] (-0.084871 -4.447073 -0.003080)'
'Camera 1759 [5] False (0.128246 5.810559 -0.004420) [[ 1.     -0.0005  0.001 ]\n [ 0.0005  1.      0.0036]\n [-0.001  -0.0036  1.    ]] (-0.131088 -5.810474 -0.016506)'
'Camera 2055 [6] False (0.235710 7.218536 0.001356) [[ 1.     -0.0006 -0.0004]\n [ 0.0006  1.      0.0052]\n [ 0.0004 -0.0052  1.    ]] (-0.239700 -7.218300 -0.038839)'
'Camera 2345 [7] False (0.251429 8.697407 0.014411) [[ 1.     -0.0007  0.0006]\n [ 0.0007  1.      0.0061]\n [-0.0006 -0.0061  1.    ]] (-0.257104 -8.696991 -0.067448)'
'Camera 2635 [8] False (0.278638 10.240811 0.028701) [[ 1.     -0.0008  0.0015]\n [ 0.0008  1.      0.0063]\n [-0.0015 -0.0063  1.    ]] (-0.286413 -10.240213 -0.093200)'
'Camera 2937 [9] False (0.586530 11.700599 -0.005684) [[ 1.     -0.001  -0.0033]\n [ 0.001   1.      0.0098]\n [ 0.0032 -0.0098  0.9999]] (-0.598041 -11.699528 -0.107045)'
limit_number_of_camera_in_map
extracted_frames/frame00250.jpg
relative movement in image pair
[[ 1.     -0.001  -0.0014  0.1268]
 [ 0.001   1.      0.0073  0.9905]
 [ 0.0014 -0.0073  1.      0.0527]
 [ 0.      0.      0.      1.    ]]
Matches with map:  422
num vertices: 3545
num edges: 10809
Performing full BA:
num vertices: 3545
num edges: 10809
Performing full BA:
'Camera 0 [0] True (0.000000 0.000000 0.000000) [[1. 0. 0.]\n [0. 1. 0.]\n [0. 0. 1.]] (0.000000 0.000000 0.000000)'
'Camera 1 [1] True (0.007910 0.964147 -0.000684) [[ 1.     -0.0002  0.    ]\n [ 0.0002  1.      0.0009]\n [-0.     -0.0009  1.    ]] (-0.008106 -0.964146 -0.000164)'
'Camera 831 [2] False (0.011986 2.008965 0.001046) [[ 1.     -0.0003 -0.0001]\n [ 0.0003  1.      0.0017]\n [ 0.0001 -0.0017  1.    ]] (-0.012664 -2.008956 -0.004466)'
'Camera 1175 [3] False (0.015355 3.175433 -0.002045) [[ 1.     -0.0005  0.0002]\n [ 0.0005  1.      0.0019]\n [-0.0002 -0.0019  1.    ]] (-0.016817 -3.175424 -0.003969)'
'Camera 1432 [4] False (0.083925 4.447503 -0.009395) [[ 1.     -0.0005  0.0003]\n [ 0.0005  1.      0.0028]\n [-0.0003 -0.0028  1.    ]] (-0.086100 -4.447471 -0.002925)'
'Camera 1759 [5] False (0.129908 5.811611 -0.004433) [[ 1.     -0.0005  0.001 ]\n [ 0.0005  1.      0.0035]\n [-0.001  -0.0035  1.    ]] (-0.132911 -5.811522 -0.016314)'
'Camera 2055 [6] False (0.237808 7.219886 0.000931) [[ 1.     -0.0006 -0.0004]\n [ 0.0006  1.      0.0052]\n [ 0.0004 -0.0052  1.    ]] (-0.241973 -7.219647 -0.038067)'
'Camera 2345 [7] False (0.260117 8.693414 0.012127) [[ 1.     -0.0007  0.0004]\n [ 0.0007  1.      0.0062]\n [-0.0004 -0.0062  1.    ]] (-0.266041 -8.692993 -0.065962)'
'Camera 2635 [8] False (0.332151 10.215711 0.015432) [[ 1.     -0.0007  0.0002]\n [ 0.0007  1.      0.007 ]\n [-0.0002 -0.007   1.    ]] (-0.339670 -10.215109 -0.086569)'
'Camera 2937 [9] False (0.418006 11.763995 0.029070) [[ 1.     -0.0008  0.001 ]\n [ 0.0008  1.      0.008 ]\n [-0.001  -0.008   1.    ]] (-0.427267 -11.763045 -0.123940)'
'Camera 3224 [10] False (0.612298 13.292318 0.045126) [[ 1.     -0.0009 -0.0012]\n [ 0.001   1.      0.0095]\n [ 0.0012 -0.0095  1.    ]] (-0.625029 -13.290701 -0.171099)'
limit_number_of_camera_in_map
extracted_frames/frame00260.jpg
relative movement in image pair
[[ 1.      0.0037  0.0038 -0.0744]
 [-0.0039  0.9989  0.0477  0.1694]
 [-0.0036 -0.0477  0.9989  0.9827]
 [ 0.      0.      0.      1.    ]]
Matches with map:  436
num vertices: 3827
num edges: 11800
Performing full BA:
num vertices: 3827
num edges: 11800
Performing full BA:
'Camera 0 [0] True (0.000000 0.000000 0.000000) [[1. 0. 0.]\n [0. 1. 0.]\n [0. 0. 1.]] (0.000000 0.000000 0.000000)'
'Camera 1 [1] True (0.007982 0.963613 -0.000675) [[ 1.     -0.0002  0.    ]\n [ 0.0002  1.      0.0009]\n [-0.     -0.0009  1.    ]] (-0.008179 -0.963612 -0.000177)'
'Camera 831 [2] False (0.012058 2.007723 0.001084) [[ 1.     -0.0003 -0.0001]\n [ 0.0003  1.      0.0017]\n [ 0.0001 -0.0017  1.    ]] (-0.012737 -2.007714 -0.004532)'
'Camera 1175 [3] False (0.015326 3.173699 -0.002003) [[ 1.     -0.0005  0.0002]\n [ 0.0005  1.      0.0019]\n [-0.0002 -0.0019  1.    ]] (-0.016789 -3.173690 -0.004061)'
'Camera 1432 [4] False (0.083766 4.445150 -0.009367) [[ 1.     -0.0005  0.0003]\n [ 0.0005  1.      0.0028]\n [-0.0003 -0.0028  1.    ]] (-0.085946 -4.445117 -0.003037)'
'Camera 1759 [5] False (0.129617 5.808823 -0.004360) [[ 1.     -0.0005  0.001 ]\n [ 0.0005  1.      0.0036]\n [-0.001  -0.0036  1.    ]] (-0.132620 -5.808734 -0.016487)'
'Camera 2055 [6] False (0.237442 7.216427 0.001001) [[ 1.     -0.0006 -0.0004]\n [ 0.0006  1.      0.0052]\n [ 0.0004 -0.0052  1.    ]] (-0.241577 -7.216188 -0.038271)'
'Camera 2345 [7] False (0.260562 8.689016 0.012158) [[ 1.     -0.0007  0.0004]\n [ 0.0007  1.      0.0062]\n [-0.0004 -0.0062  1.    ]] (-0.266512 -8.688593 -0.066151)'
'Camera 2635 [8] False (0.331495 10.211364 0.015618) [[ 1.     -0.0008  0.0002]\n [ 0.0008  1.      0.007 ]\n [-0.0002 -0.007   1.    ]] (-0.339174 -10.210755 -0.086703)'
'Camera 2937 [9] False (0.414329 11.754470 0.029063) [[ 1.     -0.0008  0.001 ]\n [ 0.0008  1.      0.0081]\n [-0.001  -0.0081  1.    ]] (-0.423856 -11.753500 -0.125181)'
'Camera 3224 [10] False (0.585630 13.294068 0.046047) [[ 1.     -0.0009 -0.0005]\n [ 0.0009  1.      0.0093]\n [ 0.0005 -0.0093  1.    ]] (-0.598081 -13.292518 -0.169123)'
'Camera 3545 [11] False (0.700907 14.799862 0.034700) [[ 1.     -0.0011 -0.0008]\n [ 0.0011  0.9999  0.0117]\n [ 0.0008 -0.0117  0.9999]] (-0.717472 -14.797657 -0.207273)'
limit_number_of_camera_in_map
extracted_frames/frame00270.jpg
relative movement in image pair
[[ 1.      0.0007  0.0025  0.0066]
 [-0.0007  1.     -0.0013  0.9999]
 [-0.0025  0.0013  1.      0.0137]
 [ 0.      0.      0.      1.    ]]
Matches with map:  422
num vertices: 4132
num edges: 12822
Performing full BA:
num vertices: 4132
num edges: 12822
Performing full BA:
'Camera 0 [0] True (0.000000 0.000000 0.000000) [[1. 0. 0.]\n [0. 1. 0.]\n [0. 0. 1.]] (0.000000 0.000000 0.000000)'
'Camera 1 [1] True (0.008008 0.963794 -0.000713) [[ 1.     -0.0002  0.    ]\n [ 0.0002  1.      0.0009]\n [-0.     -0.0009  1.    ]] (-0.008208 -0.963793 -0.000133)'
'Camera 831 [2] False (0.012150 2.008100 0.001017) [[ 1.     -0.0003 -0.0001]\n [ 0.0003  1.      0.0017]\n [ 0.0001 -0.0017  1.    ]] (-0.012844 -2.008091 -0.004443)'
'Camera 1175 [3] False (0.015414 3.174518 -0.002108) [[ 1.     -0.0005  0.0002]\n [ 0.0005  1.      0.0019]\n [-0.0002 -0.0019  1.    ]] (-0.016913 -3.174509 -0.003879)'
'Camera 1432 [4] False (0.083871 4.446349 -0.009489) [[ 1.     -0.0005  0.0003]\n [ 0.0005  1.      0.0027]\n [-0.0003 -0.0027  1.    ]] (-0.086127 -4.446315 -0.002756)'
'Camera 1759 [5] False (0.129925 5.810581 -0.004536) [[ 1.     -0.0005  0.001 ]\n [ 0.0005  1.      0.0035]\n [-0.001  -0.0035  1.    ]] (-0.133044 -5.810490 -0.016003)'
'Camera 2055 [6] False (0.237842 7.218828 0.000823) [[ 1.     -0.0006 -0.0004]\n [ 0.0006  1.      0.0051]\n [ 0.0004 -0.0051  1.    ]] (-0.242158 -7.218587 -0.037572)'
'Camera 2345 [7] False (0.261825 8.691954 0.012057) [[ 1.     -0.0007  0.0003]\n [ 0.0007  1.      0.0061]\n [-0.0003 -0.0061  1.    ]] (-0.268024 -8.691528 -0.065305)'
'Camera 2635 [8] False (0.334243 10.212786 0.015066) [[ 1.     -0.0008  0.0001]\n [ 0.0008  1.      0.0069]\n [-0.0001 -0.0069  1.    ]] (-0.342038 -10.212179 -0.085702)'
'Camera 2937 [9] False (0.444658 11.748612 0.023092) [[ 1.     -0.0008  0.0003]\n [ 0.0008  1.      0.0083]\n [-0.0003 -0.0083  1.    ]] (-0.454121 -11.747652 -0.120755)'
'Camera 3224 [10] False (0.544032 13.296790 0.050959) [[ 1.     -0.0009  0.0005]\n [ 0.0008  1.      0.0092]\n [-0.0005 -0.0092  1.    ]] (-0.555298 -13.295287 -0.173670)'
'Camera 3545 [11] False (0.675101 14.831086 0.050565) [[ 1.     -0.0009 -0.    ]\n [ 0.0009  0.9999  0.0108]\n [ 0.     -0.0108  0.9999]] (-0.688606 -14.829049 -0.211062)'
'Camera 3827 [12] False (0.693247 16.401356 0.043354) [[ 1.     -0.001   0.002 ]\n [ 0.001   0.9999  0.0119]\n [-0.002  -0.0119  0.9999]] (-0.708816 -16.398997 -0.239640)'
limit_number_of_camera_in_map
extracted_frames/frame00280.jpg
relative movement in image pair
[[ 1.      0.0028  0.0069 -0.1156]
 [-0.0028  1.     -0.0035  0.9928]
 [-0.0069  0.0035  1.      0.0328]
 [ 0.      0.      0.      1.    ]]
Matches with map:  460
num vertices: 4423
num edges: 13853
Performing full BA:
num vertices: 4423
num edges: 13853
Performing full BA:
'Camera 0 [0] True (0.000000 0.000000 0.000000) [[1. 0. 0.]\n [0. 1. 0.]\n [0. 0. 1.]] (0.000000 0.000000 0.000000)'
'Camera 1 [1] True (0.008027 0.963701 -0.000701) [[ 1.     -0.0002  0.    ]\n [ 0.0002  1.      0.0009]\n [-0.     -0.0009  1.    ]] (-0.008227 -0.963700 -0.000148)'
'Camera 831 [2] False (0.012129 2.007865 0.001054) [[ 1.     -0.0003 -0.0001]\n [ 0.0003  1.      0.0017]\n [ 0.0001 -0.0017  1.    ]] (-0.012823 -2.007855 -0.004494)'
'Camera 1175 [3] False (0.015335 3.174337 -0.002074) [[ 1.     -0.0005  0.0002]\n [ 0.0005  1.      0.0019]\n [-0.0002 -0.0019  1.    ]] (-0.016832 -3.174327 -0.003930)'
'Camera 1432 [4] False (0.083665 4.446157 -0.009437) [[ 1.     -0.0005  0.0003]\n [ 0.0005  1.      0.0028]\n [-0.0003 -0.0028  1.    ]] (-0.085922 -4.446123 -0.002834)'
'Camera 1759 [5] False (0.129633 5.810692 -0.004470) [[ 1.     -0.0005  0.001 ]\n [ 0.0005  1.      0.0035]\n [-0.001  -0.0035  1.    ]] (-0.132750 -5.810601 -0.016051)'
'Camera 2055 [6] False (0.237542 7.218802 0.000891) [[ 1.     -0.0006 -0.0004]\n [ 0.0006  1.      0.0051]\n [ 0.0004 -0.0051  1.    ]] (-0.241814 -7.218562 -0.037648)'
'Camera 2345 [7] False (0.261479 8.691941 0.012101) [[ 1.     -0.0007  0.0003]\n [ 0.0007  1.      0.0061]\n [-0.0003 -0.0061  1.    ]] (-0.267565 -8.691518 -0.065360)'
'Camera 2635 [8] False (0.334250 10.212247 0.014928) [[ 1.     -0.0007  0.0001]\n [ 0.0007  1.      0.0069]\n [-0.0001 -0.0069  1.    ]] (-0.341869 -10.211646 -0.085749)'
'Camera 2937 [9] False (0.443829 11.747466 0.022858) [[ 1.     -0.0008  0.0003]\n [ 0.0008  1.      0.0083]\n [-0.0003 -0.0083  1.    ]] (-0.452874 -11.746519 -0.121024)'
'Camera 3224 [10] False (0.545259 13.297451 0.051325) [[ 1.     -0.0008  0.0005]\n [ 0.0008  1.      0.0092]\n [-0.0005 -0.0092  1.    ]] (-0.555984 -13.295968 -0.174004)'
'Camera 3545 [11] False (0.675034 14.834010 0.051671) [[ 1.     -0.0009 -0.    ]\n [ 0.0009  0.9999  0.0107]\n [ 0.     -0.0107  0.9999]] (-0.688067 -14.832001 -0.210941)'
'Camera 3827 [12] False (0.693600 16.410041 0.046701) [[ 1.     -0.001   0.002 ]\n [ 0.0009  0.9999  0.0116]\n [-0.002  -0.0116  0.9999]] (-0.708865 -16.407716 -0.238891)'
'Camera 4132 [13] False (0.764107 18.033276 0.035774) [[ 1.     -0.0009  0.0018]\n [ 0.0009  0.9999  0.0127]\n [-0.0018 -0.0127  0.9999]] (-0.780604 -18.030633 -0.266656)'
limit_number_of_camera_in_map
extracted_frames/frame00290.jpg
relative movement in image pair
[[ 1.      0.0025  0.0021  0.0969]
 [-0.0026  0.9987  0.0503 -0.1346]
 [-0.0019 -0.0503  0.9987 -0.9861]
 [ 0.      0.      0.      1.    ]]
Matches with map:  423
num vertices: 4711
num edges: 14847
Performing full BA:
num vertices: 4711
num edges: 14847
Performing full BA:
'Camera 0 [0] True (0.000000 0.000000 0.000000) [[1. 0. 0.]\n [0. 1. 0.]\n [0. 0. 1.]] (0.000000 0.000000 0.000000)'
'Camera 1 [1] True (0.008088 0.963401 -0.000668) [[ 1.     -0.0002  0.    ]\n [ 0.0002  1.      0.0009]\n [-0.     -0.0009  1.    ]] (-0.008291 -0.963400 -0.000191)'
'Camera 831 [2] False (0.012225 2.007324 0.001096) [[ 1.     -0.0004 -0.0001]\n [ 0.0004  1.      0.0017]\n [ 0.0001 -0.0017  1.    ]] (-0.012935 -2.007315 -0.004568)'
'Camera 1175 [3] False (0.015432 3.173429 -0.002019) [[ 1.     -0.0005  0.0002]\n [ 0.0005  1.      0.0019]\n [-0.0002 -0.0019  1.    ]] (-0.016968 -3.173420 -0.004071)'
'Camera 1432 [4] False (0.083640 4.444768 -0.009365) [[ 1.     -0.0005  0.0003]\n [ 0.0005  1.      0.0028]\n [-0.0003 -0.0028  1.    ]] (-0.085972 -4.444732 -0.003092)'
'Camera 1759 [5] False (0.129313 5.809630 -0.004388) [[ 1.     -0.0006  0.001 ]\n [ 0.0006  1.      0.0035]\n [-0.001  -0.0035  1.    ]] (-0.132554 -5.809535 -0.016313)'
'Camera 2055 [6] False (0.237232 7.218182 0.000972) [[ 1.     -0.0006 -0.0004]\n [ 0.0006  1.      0.0051]\n [ 0.0004 -0.0051  1.    ]] (-0.241724 -7.217934 -0.037837)'
'Camera 2345 [7] False (0.261299 8.691576 0.012185) [[ 1.     -0.0007  0.0003]\n [ 0.0007  1.      0.0061]\n [-0.0003 -0.0061  1.    ]] (-0.267749 -8.691142 -0.065456)'
'Camera 2635 [8] False (0.333532 10.211787 0.015017) [[ 1.     -0.0008  0.0001]\n [ 0.0008  1.      0.0069]\n [-0.0001 -0.0069  1.    ]] (-0.341637 -10.211169 -0.085820)'
'Camera 2937 [9] False (0.442398 11.746517 0.022903) [[ 1.     -0.0008  0.0003]\n [ 0.0008  1.      0.0084]\n [-0.0003 -0.0084  1.    ]] (-0.452227 -11.745540 -0.121170)'
'Camera 3224 [10] False (0.543205 13.295854 0.050940) [[ 1.     -0.0009  0.0005]\n [ 0.0009  1.      0.0092]\n [-0.0005 -0.0092  1.    ]] (-0.555150 -13.294320 -0.173926)'
'Camera 3545 [11] False (0.671297 14.831157 0.051266) [[ 1.     -0.001   0.    ]\n [ 0.001   0.9999  0.0108]\n [-0.     -0.0108  0.9999]] (-0.686070 -14.829062 -0.211461)'
'Camera 3827 [12] False (0.688910 16.405230 0.045563) [[ 1.     -0.0012  0.002 ]\n [ 0.0011  0.9999  0.0117]\n [-0.0021 -0.0117  0.9999]] (-0.707287 -16.402766 -0.239296)'
'Camera 4132 [13] False (0.699478 18.047576 0.047026) [[ 1.     -0.0013  0.0032]\n [ 0.0013  0.9999  0.0123]\n [-0.0032 -0.0123  0.9999]] (-0.721930 -18.044725 -0.270545)'
'Camera 4423 [14] False (0.973063 19.649383 -0.014567) [[ 1.     -0.0015 -0.0024]\n [ 0.0016  0.9999  0.0155]\n [ 0.0024 -0.0155  0.9999]] (-1.004164 -19.645709 -0.288252)'
limit_number_of_camera_in_map
extracted_frames/frame00300.jpg
relative movement in image pair
[[ 1.      0.0005  0.0021 -0.0325]
 [-0.0005  1.     -0.0008  0.9994]
 [-0.0021  0.0008  1.     -0.0118]
 [ 0.      0.      0.      1.    ]]
Matches with map:  449
num vertices: 5033
num edges: 15925
Performing full BA:
num vertices: 5033
num edges: 15925
Performing full BA:
'Camera 0 [0] True (0.000000 0.000000 0.000000) [[1. 0. 0.]\n [0. 1. 0.]\n [0. 0. 1.]] (0.000000 0.000000 0.000000)'
'Camera 1 [1] True (0.008063 0.963454 -0.000666) [[ 1.     -0.0002  0.    ]\n [ 0.0002  1.      0.0009]\n [-0.     -0.0009  1.    ]] (-0.008263 -0.963452 -0.000190)'
'Camera 831 [2] False (0.012209 2.007377 0.001109) [[ 1.     -0.0003 -0.0001]\n [ 0.0003  1.      0.0017]\n [ 0.0001 -0.0017  1.    ]] (-0.012906 -2.007368 -0.004579)'
'Camera 1175 [3] False (0.015483 3.173707 -0.002018) [[ 1.     -0.0005  0.0002]\n [ 0.0005  1.      0.0019]\n [-0.0002 -0.0019  1.    ]] (-0.016989 -3.173697 -0.004046)'
'Camera 1432 [4] False (0.083849 4.445275 -0.009357) [[ 1.     -0.0005  0.0003]\n [ 0.0005  1.      0.0028]\n [-0.0003 -0.0028  1.    ]] (-0.086129 -4.445240 -0.003034)'
'Camera 1759 [5] False (0.129740 5.810509 -0.004380) [[ 1.     -0.0005  0.001 ]\n [ 0.0005  1.      0.0035]\n [-0.001  -0.0035  1.    ]] (-0.132882 -5.810417 -0.016157)'
'Camera 2055 [6] False (0.237725 7.219072 0.001024) [[ 1.     -0.0006 -0.0004]\n [ 0.0006  1.      0.0051]\n [ 0.0004 -0.0051  1.    ]] (-0.241997 -7.218832 -0.037680)'
'Camera 2345 [7] False (0.261955 8.692018 0.012214) [[ 1.     -0.0007  0.0003]\n [ 0.0007  1.      0.0061]\n [-0.0003 -0.0061  1.    ]] (-0.267989 -8.691597 -0.065372)'
'Camera 2635 [8] False (0.334941 10.211139 0.014858) [[ 1.     -0.0007  0.0001]\n [ 0.0007  1.      0.007 ]\n [-0.0001 -0.007   1.    ]] (-0.342283 -10.210545 -0.085879)'
'Camera 2937 [9] False (0.445003 11.745688 0.022727) [[ 1.     -0.0007  0.0003]\n [ 0.0007  1.      0.0084]\n [-0.0003 -0.0084  1.    ]] (-0.453588 -11.744755 -0.121366)'
'Camera 3224 [10] False (0.548038 13.296314 0.051165) [[ 1.     -0.0008  0.0005]\n [ 0.0008  1.      0.0092]\n [-0.0005 -0.0092  1.    ]] (-0.558248 -13.294848 -0.174086)'
'Camera 3545 [11] False (0.678690 14.833612 0.052584) [[ 1.     -0.0008 -0.0001]\n [ 0.0008  0.9999  0.0107]\n [ 0.0001 -0.0107  0.9999]] (-0.691040 -14.831622 -0.211808)'
'Camera 3827 [12] False (0.697425 16.407805 0.046989) [[ 1.     -0.0009  0.0019]\n [ 0.0009  0.9999  0.0117]\n [-0.0019 -0.0117  0.9999]] (-0.711800 -16.405498 -0.240106)'
'Camera 4132 [13] False (0.784920 18.049208 0.045880) [[ 1.     -0.0009  0.0013]\n [ 0.0009  0.9999  0.0122]\n [-0.0013 -0.0122  0.9999]] (-0.800554 -18.046591 -0.267892)'
'Camera 4423 [14] False (0.821302 19.653588 -0.005127) [[ 1.     -0.0008  0.0016]\n [ 0.0008  0.9999  0.0154]\n [-0.0016 -0.0154  0.9999]] (-0.836388 -19.650670 -0.299546)'
'Camera 4711 [15] False (0.794946 21.406324 0.016541) [[ 1.     -0.0006  0.0027]\n [ 0.0006  0.9999  0.015 ]\n [-0.0027 -0.015   0.9999]] (-0.807907 -21.403134 -0.340698)'
limit_number_of_camera_in_map
%%%%%%%%%%%%%%%%%%%%%%%%%%%%%%%%%%%%%%%%%%%%%%%%%%%
%%%%%%%%%%%%%%%%%%%%%%%%%%%%%%%%%%%%%%%%%%%%%%%%%%%
Should clean up map
%%%%%%%%%%%%%%%%%%%%%%%%%%%%%%%%%%%%%%%%%%%%%%%%%%%
%%%%%%%%%%%%%%%%%%%%%%%%%%%%%%%%%%%%%%%%%%%%%%%%%%%
Removing camera with id 0
'Camera 0 [0] True (0.000000 0.000000 0.000000) [[1. 0. 0.]\n [0. 1. 0.]\n [0. 0. 1.]] (0.000000 0.000000 0.000000)'
extracted_frames/frame00310.jpg
relative movement in image pair
[[ 0.9999 -0.0058 -0.0083  0.2181]
 [ 0.0059  0.9999  0.0103  0.9747]
 [ 0.0083 -0.0103  0.9999 -0.0493]
 [ 0.      0.      0.      1.    ]]
Matches with map:  450
num vertices: 4973
num edges: 15730
Performing full BA:
num vertices: 4973
num edges: 15730
Performing full BA:
'Camera 1 [1] True (0.008063 0.963454 -0.000666) [[ 1.     -0.0002  0.    ]\n [ 0.0002  1.      0.0009]\n [-0.     -0.0009  1.    ]] (-0.008263 -0.963452 -0.000190)'
'Camera 831 [2] True (0.013277 2.011393 0.000080) [[ 1.     -0.0003 -0.0001]\n [ 0.0003  1.      0.0016]\n [ 0.0001 -0.0016  1.    ]] (-0.013972 -2.011386 -0.003307)'
'Camera 1175 [3] False (0.017764 3.178269 -0.003613) [[ 1.     -0.0005  0.0001]\n [ 0.0005  1.      0.0018]\n [-0.0001 -0.0018  1.    ]] (-0.019235 -3.178262 -0.001992)'
'Camera 1432 [4] False (0.086590 4.449973 -0.010813) [[ 1.     -0.0005  0.0002]\n [ 0.0005  1.      0.0026]\n [-0.0002 -0.0026  1.    ]] (-0.088837 -4.449941 -0.000853)'
'Camera 1759 [5] False (0.133408 5.814564 -0.006210) [[ 1.     -0.0005  0.0009]\n [ 0.0005  1.      0.0034]\n [-0.0009 -0.0034  1.    ]] (-0.136542 -5.814479 -0.013427)'
'Camera 2055 [6] False (0.241340 7.222457 -0.000917) [[ 1.     -0.0006 -0.0005]\n [ 0.0006  1.      0.0049]\n [ 0.0005 -0.0049  1.    ]] (-0.245647 -7.222229 -0.034674)'
'Camera 2345 [7] False (0.265854 8.695167 0.010078) [[ 1.     -0.0007  0.0002]\n [ 0.0007  1.      0.006 ]\n [-0.0002 -0.006   1.    ]] (-0.271963 -8.694764 -0.061966)'
'Camera 2635 [8] False (0.338516 10.213627 0.012590) [[ 1.     -0.0007 -0.    ]\n [ 0.0007  1.      0.0068]\n [ 0.     -0.0068  1.    ]] (-0.346002 -10.213053 -0.082209)'
'Camera 2937 [9] False (0.449415 11.748097 0.020352) [[ 1.     -0.0008  0.0001]\n [ 0.0008  1.      0.0082]\n [-0.0001 -0.0082  1.    ]] (-0.458298 -11.747186 -0.117289)'
'Camera 3224 [10] False (0.552863 13.298500 0.048680) [[ 1.     -0.0008  0.0003]\n [ 0.0008  1.      0.0091]\n [-0.0003 -0.0091  1.    ]] (-0.563580 -13.297058 -0.169571)'
'Camera 3545 [11] False (0.684209 14.835621 0.050060) [[ 1.     -0.0009 -0.0003]\n [ 0.0009  0.9999  0.0106]\n [ 0.0003 -0.0106  0.9999]] (-0.697245 -14.833657 -0.206806)'
'Camera 3827 [12] False (0.702621 16.407974 0.043917) [[ 1.     -0.001   0.0017]\n [ 0.001   0.9999  0.0116]\n [-0.0018 -0.0115  0.9999]] (-0.718137 -16.405682 -0.234669)'
'Camera 4132 [13] False (0.779453 18.034751 0.035940) [[ 1.     -0.001   0.0013]\n [ 0.001   0.9999  0.0125]\n [-0.0014 -0.0125  0.9999]] (-0.796692 -18.032127 -0.262222)'
'Camera 4423 [14] False (0.842032 19.704141 0.020794) [[ 1.     -0.001   0.001 ]\n [ 0.001   0.9999  0.0139]\n [-0.001  -0.0139  0.9999]] (-0.860874 -19.701132 -0.294834)'
'Camera 4711 [15] False (0.839256 21.384989 0.001172) [[ 1.     -0.001   0.0014]\n [ 0.0009  0.9999  0.0154]\n [-0.0014 -0.0154  0.9999]] (-0.859219 -21.381613 -0.332381)'
'Camera 5033 [16] False (0.839287 23.054648 -0.032437) [[ 1.     -0.0011  0.0007]\n [ 0.0011  0.9999  0.0173]\n [-0.0007 -0.0173  0.9999]] (-0.865320 -23.050802 -0.366054)'
limit_number_of_camera_in_map
%%%%%%%%%%%%%%%%%%%%%%%%%%%%%%%%%%%%%%%%%%%%%%%%%%%
%%%%%%%%%%%%%%%%%%%%%%%%%%%%%%%%%%%%%%%%%%%%%%%%%%%
Should clean up map
%%%%%%%%%%%%%%%%%%%%%%%%%%%%%%%%%%%%%%%%%%%%%%%%%%%
%%%%%%%%%%%%%%%%%%%%%%%%%%%%%%%%%%%%%%%%%%%%%%%%%%%
Removing camera with id 1
'Camera 1 [1] True (0.008063 0.963454 -0.000666) [[ 1.     -0.0002  0.    ]\n [ 0.0002  1.      0.0009]\n [-0.     -0.0009  1.    ]] (-0.008263 -0.963452 -0.000190)'
extracted_frames/frame00320.jpg
relative movement in image pair
[[ 1.      0.0019  0.0002 -0.0071]
 [-0.0019  1.      0.0048  0.9999]
 [-0.0002 -0.0048  1.      0.0098]
 [ 0.      0.      0.      1.    ]]
Matches with map:  468
num vertices: 4929
num edges: 15627
Performing full BA:
num vertices: 4929
num edges: 15627
Performing full BA:
'Camera 831 [2] True (0.013277 2.011393 0.000080) [[ 1.     -0.0003 -0.0001]\n [ 0.0003  1.      0.0016]\n [ 0.0001 -0.0016  1.    ]] (-0.013972 -2.011386 -0.003307)'
'Camera 1175 [3] True (0.017677 3.177756 -0.003391) [[ 1.     -0.0005  0.0001]\n [ 0.0005  1.      0.0018]\n [-0.0001 -0.0018  1.    ]] (-0.019228 -3.177748 -0.002263)'
'Camera 1432 [4] False (0.087753 4.452503 -0.010197) [[ 1.     -0.0005  0.0002]\n [ 0.0005  1.      0.0026]\n [-0.0002 -0.0026  1.    ]] (-0.090094 -4.452468 -0.001227)'
'Camera 1759 [5] False (0.135521 5.817807 -0.005546) [[ 1.     -0.0006  0.0008]\n [ 0.0006  1.      0.0033]\n [-0.0008 -0.0033  1.    ]] (-0.138850 -5.817715 -0.013693)'
'Camera 2055 [6] False (0.243556 7.226688 -0.000183) [[ 1.     -0.0006 -0.0006]\n [ 0.0006  1.      0.0049]\n [ 0.0006 -0.0049  1.    ]] (-0.248128 -7.226449 -0.034823)'
'Camera 2345 [7] False (0.268184 8.699975 0.010756) [[ 1.     -0.0007  0.0001]\n [ 0.0007  1.      0.0059]\n [-0.0002 -0.0059  1.    ]] (-0.274669 -8.699559 -0.061956)'
'Camera 2635 [8] False (0.340773 10.218735 0.013126) [[ 1.     -0.0008 -0.0001]\n [ 0.0008  1.      0.0067]\n [ 0.0001 -0.0067  1.    ]] (-0.348755 -10.218145 -0.082009)'
'Camera 2937 [9] False (0.451635 11.753733 0.020918) [[ 1.     -0.0008  0.0001]\n [ 0.0008  1.      0.0082]\n [-0.0001 -0.0082  1.    ]] (-0.461125 -11.752801 -0.117013)'
'Camera 3224 [10] False (0.555558 13.304642 0.049084) [[ 1.     -0.0009  0.0002]\n [ 0.0009  1.      0.009 ]\n [-0.0002 -0.009   1.    ]] (-0.567011 -13.303176 -0.169025)'
'Camera 3545 [11] False (0.687785 14.841417 0.049648) [[ 1.     -0.0009 -0.0004]\n [ 0.0009  0.9999  0.0105]\n [ 0.0004 -0.0105  0.9999]] (-0.701676 -14.839423 -0.205726)'
'Camera 3827 [12] False (0.706002 16.415437 0.044246) [[ 1.     -0.001   0.0017]\n [ 0.001   0.9999  0.0115]\n [-0.0017 -0.0115  0.9999]] (-0.722574 -16.413110 -0.233814)'
'Camera 4132 [13] False (0.783080 18.042402 0.035897) [[ 1.     -0.0011  0.0013]\n [ 0.001   0.9999  0.0124]\n [-0.0013 -0.0124  0.9999]] (-0.801705 -18.039731 -0.261047)'
'Camera 4423 [14] False (0.844495 19.714712 0.022409) [[ 1.     -0.0011  0.0009]\n [ 0.001   0.9999  0.0137]\n [-0.0009 -0.0137  0.9999]] (-0.865034 -19.711649 -0.293535)'
'Camera 4711 [15] False (0.842142 21.395498 0.002864) [[ 1.     -0.0011  0.0013]\n [ 0.001   0.9999  0.0153]\n [-0.0013 -0.0153  0.9999]] (-0.864304 -21.392051 -0.331188)'
'Camera 5033 [16] False (0.842466 23.077937 -0.023437) [[ 1.     -0.0012  0.0006]\n [ 0.0012  0.9999  0.0168]\n [-0.0007 -0.0168  0.9999]] (-0.869686 -23.074052 -0.364994)'
'Camera 5286 [17] False (0.820450 24.792671 -0.047807) [[ 1.     -0.0012  0.001 ]\n [ 0.0012  0.9998  0.0175]\n [-0.001  -0.0175  0.9998]] (-0.850137 -24.788708 -0.386224)'
limit_number_of_camera_in_map
%%%%%%%%%%%%%%%%%%%%%%%%%%%%%%%%%%%%%%%%%%%%%%%%%%%
%%%%%%%%%%%%%%%%%%%%%%%%%%%%%%%%%%%%%%%%%%%%%%%%%%%
Should clean up map
%%%%%%%%%%%%%%%%%%%%%%%%%%%%%%%%%%%%%%%%%%%%%%%%%%%
%%%%%%%%%%%%%%%%%%%%%%%%%%%%%%%%%%%%%%%%%%%%%%%%%%%
Removing camera with id 831
'Camera 831 [2] True (0.013277 2.011393 0.000080) [[ 1.     -0.0003 -0.0001]\n [ 0.0003  1.      0.0016]\n [ 0.0001 -0.0016  1.    ]] (-0.013972 -2.011386 -0.003307)'
extracted_frames/frame00330.jpg
relative movement in image pair
[[ 1.      0.0002 -0.0062  0.1342]
 [-0.0002  1.     -0.0002  0.9906]
 [ 0.0062  0.0002  1.     -0.0272]
 [ 0.      0.      0.      1.    ]]
Matches with map:  463
num vertices: 4900
num edges: 15602
Performing full BA:
num vertices: 4900
num edges: 15602
Performing full BA:
'Camera 1175 [3] True (0.017677 3.177756 -0.003391) [[ 1.     -0.0005  0.0001]\n [ 0.0005  1.      0.0018]\n [-0.0001 -0.0018  1.    ]] (-0.019228 -3.177748 -0.002263)'
'Camera 1432 [4] True (0.088841 4.455133 -0.010125) [[ 1.     -0.0006  0.0001]\n [ 0.0006  1.      0.0025]\n [-0.0001 -0.0025  1.    ]] (-0.091321 -4.455094 -0.000949)'
'Camera 1759 [5] False (0.136490 5.821504 -0.005548) [[ 1.     -0.0006  0.0008]\n [ 0.0006  1.      0.0032]\n [-0.0008 -0.0032  1.    ]] (-0.140159 -5.821405 -0.013004)'
'Camera 2055 [6] False (0.244376 7.228994 -0.000378) [[ 1.     -0.0007 -0.0006]\n [ 0.0007  1.      0.0048]\n [ 0.0006 -0.0048  1.    ]] (-0.249493 -7.228739 -0.033945)'
'Camera 2345 [7] False (0.269445 8.701288 0.010519) [[ 1.     -0.0008  0.0001]\n [ 0.0008  1.      0.0058]\n [-0.0001 -0.0058  1.    ]] (-0.276719 -8.700851 -0.061059)'
'Camera 2635 [8] False (0.342353 10.218903 0.012532) [[ 1.     -0.0009 -0.0001]\n [ 0.0009  1.      0.0067]\n [ 0.0001 -0.0067  1.    ]] (-0.351319 -10.218286 -0.080938)'
'Camera 2937 [9] False (0.453208 11.753054 0.020028) [[ 1.     -0.0009  0.    ]\n [ 0.0009  1.      0.0082]\n [-0.     -0.0082  1.    ]] (-0.463919 -11.752082 -0.115871)'
'Camera 3224 [10] False (0.556740 13.303234 0.048012) [[ 1.     -0.001   0.0002]\n [ 0.001   1.      0.009 ]\n [-0.0002 -0.009   1.    ]] (-0.569647 -13.301714 -0.167947)'
'Camera 3545 [11] False (0.690878 14.840593 0.048445) [[ 1.     -0.0011 -0.0005]\n [ 0.0011  0.9999  0.0105]\n [ 0.0005 -0.0105  0.9999]] (-0.706708 -14.838519 -0.204382)'
'Camera 3827 [12] False (0.708896 16.414238 0.042894) [[ 1.     -0.0012  0.0016]\n [ 0.0012  0.9999  0.0115]\n [-0.0016 -0.0115  0.9999]] (-0.727829 -16.411818 -0.232545)'
'Camera 4132 [13] False (0.786573 18.041143 0.034462) [[ 1.     -0.0012  0.0011]\n [ 0.0012  0.9999  0.0124]\n [-0.0011 -0.0124  0.9999]] (-0.807977 -18.038360 -0.259737)'
'Camera 4423 [14] False (0.848493 19.714997 0.021660) [[ 1.     -0.0012  0.0008]\n [ 0.0012  0.9999  0.0137]\n [-0.0008 -0.0137  0.9999]] (-0.872128 -19.711814 -0.292061)'
'Camera 4711 [15] False (0.847598 21.396758 0.002676) [[ 1.     -0.0012  0.0011]\n [ 0.0012  0.9999  0.0152]\n [-0.0012 -0.0152  0.9999]] (-0.873274 -21.393185 -0.329726)'
'Camera 5033 [16] False (0.846061 23.083028 -0.020931) [[ 1.     -0.0013  0.0005]\n [ 0.0013  0.9999  0.0167]\n [-0.0005 -0.0167  0.9999]] (-0.876954 -23.079015 -0.363955)'
'Camera 5286 [17] False (0.821166 24.801362 -0.044051) [[ 1.     -0.0014  0.0009]\n [ 0.0013  0.9999  0.0172]\n [-0.001  -0.0172  0.9999]] (-0.854435 -24.797297 -0.384427)'
'Camera 5639 [18] False (0.831021 26.536675 -0.064653) [[ 1.     -0.0016  0.0001]\n [ 0.0016  0.9998  0.0186]\n [-0.0001 -0.0186  0.9998]] (-0.872683 -26.531945 -0.429205)'
limit_number_of_camera_in_map
%%%%%%%%%%%%%%%%%%%%%%%%%%%%%%%%%%%%%%%%%%%%%%%%%%%
%%%%%%%%%%%%%%%%%%%%%%%%%%%%%%%%%%%%%%%%%%%%%%%%%%%
Should clean up map
%%%%%%%%%%%%%%%%%%%%%%%%%%%%%%%%%%%%%%%%%%%%%%%%%%%
%%%%%%%%%%%%%%%%%%%%%%%%%%%%%%%%%%%%%%%%%%%%%%%%%%%
Removing camera with id 1175
'Camera 1175 [3] True (0.017677 3.177756 -0.003391) [[ 1.     -0.0005  0.0001]\n [ 0.0005  1.      0.0018]\n [-0.0001 -0.0018  1.    ]] (-0.019228 -3.177748 -0.002263)'
extracted_frames/frame00340.jpg
relative movement in image pair
[[ 1.     -0.0018 -0.0008  0.0043]
 [ 0.0018  1.      0.0041  1.    ]
 [ 0.0008 -0.0041  1.     -0.0025]
 [ 0.      0.      0.      1.    ]]
Matches with map:  425
num vertices: 4824
num edges: 15446
Performing full BA:
num vertices: 4824
num edges: 15446
Performing full BA:
'Camera 1432 [4] True (0.088841 4.455133 -0.010125) [[ 1.     -0.0006  0.0001]\n [ 0.0006  1.      0.0025]\n [-0.0001 -0.0025  1.    ]] (-0.091321 -4.455094 -0.000949)'
'Camera 1759 [5] True (0.123457 5.409983 -0.008214) [[ 1.     -0.0006  0.0007]\n [ 0.0006  1.      0.0032]\n [-0.0007 -0.0032  1.    ]] (-0.126770 -5.409905 -0.008936)'
'Camera 2055 [6] False (0.199020 6.392899 -0.007057) [[ 1.     -0.0007 -0.0007]\n [ 0.0007  1.      0.0047]\n [ 0.0007 -0.0047  1.    ]] (-0.203366 -6.392724 -0.023159)'
'Camera 2345 [7] False (0.217262 7.421345 -0.000652) [[ 1.     -0.0008 -0.    ]\n [ 0.0008  1.      0.0058]\n [-0.     -0.0058  1.    ]] (-0.223293 -7.421046 -0.042082)'
'Camera 2635 [8] False (0.268177 8.479736 -0.000871) [[ 1.     -0.0008 -0.0002]\n [ 0.0008  1.      0.0067]\n [ 0.0002 -0.0067  1.    ]] (-0.275376 -8.479322 -0.055807)'
