'Camera 0 [0] True (0.000000 0.000000 0.000000) [[1. 0. 0.]\n [0. 1. 0.]\n [0. 0. 1.]] (0.000000 0.000000 0.000000)'
'Camera 1 [1] True (0.004399 0.964540 -0.000251) [[ 1.     -0.0002  0.0001]\n [ 0.0002  1.      0.0009]\n [-0.0001 -0.0009  1.    ]] (-0.004591 -0.964539 -0.000626)'
'Camera 1 [1] True (0.006852 0.968732 -0.001315) [[ 1.     -0.0002  0.0001]\n [ 0.0002  1.      0.0008]\n [-0.0001 -0.0008  1.    ]] (-0.007075 -0.968731 0.000561)'
'Camera 1 [1] True (0.007106 0.969398 -0.001254) [[ 1.     -0.0002  0.    ]\n [ 0.0002  1.      0.0008]\n [-0.     -0.0008  1.    ]] (-0.007312 -0.969397 0.000518)'
'Camera 1 [1] True (0.007832 0.963284 -0.000359) [[ 1.     -0.0003  0.    ]\n [ 0.0003  1.      0.0009]\n [-0.     -0.0009  1.    ]] (-0.008086 -0.963282 -0.000549)'
'Camera 1 [1] True (0.007910 0.964147 -0.000684) [[ 1.     -0.0002  0.    ]\n [ 0.0002  1.      0.0009]\n [-0.     -0.0009  1.    ]] (-0.008106 -0.964146 -0.000164)'
'Camera 1 [1] True (0.007979 0.964763 -0.000743) [[ 1.     -0.0002  0.    ]\n [ 0.0002  1.      0.0009]\n [-0.     -0.0009  1.    ]] (-0.008181 -0.964762 -0.000087)'
'Camera 1 [1] True (0.007982 0.963613 -0.000675) [[ 1.     -0.0002  0.    ]\n [ 0.0002  1.      0.0009]\n [-0.     -0.0009  1.    ]] (-0.008179 -0.963612 -0.000177)'
'Camera 1 [1] True (0.008008 0.963794 -0.000713) [[ 1.     -0.0002  0.    ]\n [ 0.0002  1.      0.0009]\n [-0.     -0.0009  1.    ]] (-0.008208 -0.963793 -0.000133)'
'Camera 1 [1] True (0.008027 0.963701 -0.000701) [[ 1.     -0.0002  0.    ]\n [ 0.0002  1.      0.0009]\n [-0.     -0.0009  1.    ]] (-0.008227 -0.963700 -0.000148)'
'Camera 1 [1] True (0.008063 0.963454 -0.000666) [[ 1.     -0.0002  0.    ]\n [ 0.0002  1.      0.0009]\n [-0.     -0.0009  1.    ]] (-0.008263 -0.963452 -0.000190)'
'Camera 1 [1] True (0.008088 0.963401 -0.000668) [[ 1.     -0.0002  0.    ]\n [ 0.0002  1.      0.0009]\n [-0.     -0.0009  1.    ]] (-0.008291 -0.963400 -0.000191)'
'Camera 1 [1] True (0.008138 0.965779 -0.000800) [[ 1.     -0.0002  0.    ]\n [ 0.0002  1.      0.0009]\n [-0.     -0.0009  1.    ]] (-0.008347 -0.965777 -0.000039)'
'Camera 1 [1] True (0.008234 0.965803 -0.000761) [[ 1.     -0.0002  0.    ]\n [ 0.0002  1.      0.0009]\n [-0.     -0.0009  1.    ]] (-0.008444 -0.965802 -0.000079)'
'Camera 1 [1] True (0.008461 0.965669 -0.000851) [[ 1.     -0.0002  0.    ]\n [ 0.0002  1.      0.0009]\n [-0.     -0.0009  1.    ]] (-0.008678 -0.965668 0.000009)'
'Camera 1 [1] True (0.008902 0.970313 -0.001414) [[ 1.     -0.0002  0.    ]\n [ 0.0002  1.      0.0007]\n [-0.     -0.0007  1.    ]] (-0.009104 -0.970312 0.000705)'
'Camera 831 [2] True (0.013277 2.011393 0.000080) [[ 1.     -0.0003 -0.0001]\n [ 0.0003  1.      0.0016]\n [ 0.0001 -0.0016  1.    ]] (-0.013972 -2.011386 -0.003307)'
'Camera 1175 [3] True (0.017677 3.177756 -0.003391) [[ 1.     -0.0005  0.0001]\n [ 0.0005  1.      0.0018]\n [-0.0001 -0.0018  1.    ]] (-0.019228 -3.177748 -0.002263)'
'Camera 1432 [4] True (0.088841 4.455133 -0.010125) [[ 1.     -0.0006  0.0001]\n [ 0.0006  1.      0.0025]\n [-0.0001 -0.0025  1.    ]] (-0.091321 -4.455094 -0.000949)'
'Camera 1759 [5] True (0.123457 5.409983 -0.008214) [[ 1.     -0.0006  0.0007]\n [ 0.0006  1.      0.0032]\n [-0.0007 -0.0032  1.    ]] (-0.126770 -5.409905 -0.008936)'
'Camera 2055 [6] True (0.200138 6.394155 -0.007369) [[ 1.     -0.0007 -0.0007]\n [ 0.0007  1.      0.0047]\n [ 0.0007 -0.0047  1.    ]] (-0.204434 -6.393983 -0.022504)'
'Camera 2345 [7] True (0.238552 7.419196 -0.002076) [[ 1.     -0.0007 -0.0007]\n [ 0.0007  1.      0.0058]\n [ 0.0007 -0.0058  1.    ]] (-0.243863 -7.418911 -0.040956)'
'Camera 2635 [8] True (0.295298 8.473525 -0.004373) [[ 1.     -0.0007 -0.0011]\n [ 0.0007  1.      0.0069]\n [ 0.0011 -0.0069  1.    ]] (-0.301159 -8.473149 -0.053824)'
'Camera 2937 [9] True (0.374067 9.543741 -0.000977) [[ 1.     -0.0007 -0.001 ]\n [ 0.0007  1.      0.0084]\n [ 0.001  -0.0084  1.    ]] (-0.381038 -9.543144 -0.078374)'
'Camera 3224 [10] True (0.446880 10.622229 0.016795) [[ 1.     -0.0008 -0.0009]\n [ 0.0008  1.      0.0093]\n [ 0.0009 -0.0093  1.    ]] (-0.454972 -10.621269 -0.115590)'
'Camera 3545 [11] True (-2.911611 -28.617245 -0.586121) [[ 1.     -0.0008 -0.0014]\n [ 0.0008  0.9999  0.0107]\n [ 0.0014 -0.0107  0.9999]] (2.936343 28.606947 0.887790)'
'Camera 3827 [12] True (-3.375442 -68.530867 -0.816506) [[ 1.     -0.0009  0.0006]\n [ 0.0009  0.9999  0.0117]\n [-0.0006 -0.0117  0.9999]] (3.439033 68.513342 1.623259)'
'Camera 4132 [13] True (-4.724962 -109.922128 -0.926405) [[ 1.     -0.0009  0.0008]\n [ 0.0009  0.9999  0.0126]\n [-0.0008 -0.0126  0.9999]] (4.825512 109.897189 2.319470)'
'Camera 4423 [14] True (-6.176319 -152.433256 -1.000132) [[ 1.     -0.0009  0.0006]\n [ 0.0009  0.9999  0.014 ]\n [-0.0006 -0.014   0.9999]] (6.319248 152.398530 3.130456)'
'Camera 4711 [15] True (-6.234590 -195.266610 -1.075396) [[ 1.     -0.001   0.0009]\n [ 0.001   0.9999  0.0154]\n [-0.0009 -0.0154  0.9999]] (6.430431 195.220246 4.096396)'
'Camera 5033 [16] True (-6.277377 -238.110552 -0.934493) [[ 1.     -0.0012  0.0002]\n [ 0.0012  0.9999  0.0169]\n [-0.0002 -0.0169  0.9999]] (6.556931 238.053270 4.955936)'
'Camera 5286 [17] True (-5.739728 -281.527034 -0.482173) [[ 1.     -0.0012  0.0005]\n [ 0.0012  0.9998  0.0178]\n [-0.0006 -0.0178  0.9998]] (6.077712 281.466831 5.489257)'
'Camera 5639 [18] True (-5.122930 -325.342778 -0.390007) [[ 1.     -0.0014  0.0006]\n [ 0.0014  0.9998  0.0195]\n [-0.0006 -0.0195  0.9998]] (5.569463 325.266216 6.722314)'
'Camera 5910 [19] True (-5.659474 -371.368615 -0.190863) [[ 1.     -0.0017 -0.0007]\n [ 0.0017  0.9998  0.0209]\n [ 0.0006 -0.0209  0.9998]] (6.282481 371.273633 7.945712)'
'Camera 6164 [20] True (-5.536718 -417.601830 0.202852) [[ 1.     -0.0017 -0.0006]\n [ 0.0018  0.9998  0.0217]\n [ 0.0006 -0.0217  0.9998]] (6.272926 417.497884 8.840377)'
'Camera 6543 [21] True (-7.950112 -463.829073 0.297996) [[ 1.     -0.002  -0.0007]\n [ 0.002   0.9997  0.0228]\n [ 0.0006 -0.0228  0.9997]] (8.894034 463.697955 10.286120)'
'Camera 6847 [22] True (-10.184848 -511.102907 0.461574) [[ 1.     -0.0025  0.0002]\n [ 0.0025  0.9997  0.0241]\n [-0.0002 -0.0241  0.9997]] (11.465194 510.938466 11.855794)'
'Camera 7092 [23] True (-12.747658 -557.521529 0.987163) [[ 1.     -0.0029  0.0004]\n [ 0.0028  0.9997  0.0257]\n [-0.0005 -0.0257  0.9997]] (14.332503 557.323792 13.360497)'
'Camera 7342 [24] True (-14.190818 -603.688978 1.741295) [[ 1.     -0.0032  0.0006]\n [ 0.0032  0.9996  0.0275]\n [-0.0007 -0.0275  0.9996]] (16.116917 603.459742 14.878804)'
'Camera 7612 [25] True (-15.662330 -649.375526 2.882186) [[ 1.     -0.0034  0.0007]\n [ 0.0034  0.9996  0.0297]\n [-0.0008 -0.0297  0.9996]] (17.866780 649.117268 16.423769)'
'Camera 7855 [26] True (1.361714 419.282974 1913.594078) [[-0.9998  0.0067 -0.0171]\n [-0.001  -0.9501 -0.312 ]\n [-0.0184 -0.3119  0.9499]] (36.924807 995.171757 -1686.983134)'
'Camera 8125 [27] True (3.849784 469.716999 1913.103249) [[-0.9998  0.0068 -0.0165]\n [-0.0013 -0.9505 -0.3107]\n [-0.0178 -0.3106  0.9504]] (38.489315 1040.738824 -1672.122661)'
'Camera 8367 [28] True (4.511693 524.138595 1912.006306) [[-0.9998  0.0073 -0.0179]\n [-0.0014 -0.9513 -0.3082]\n [-0.0193 -0.3081  0.9511]] (42.118100 1087.755939 -1656.961924)'
'Camera 8573 [29] True (6.263977 580.586179 1911.379251) [[-0.9998  0.0071 -0.0177]\n [-0.0014 -0.9519 -0.3064]\n [-0.0191 -0.3063  0.9517]] (43.499302 1138.066229 -1641.159120)'
'Camera 8761 [30] True (8.081551 637.056145 1910.474080) [[-0.9998  0.0072 -0.0177]\n [-0.0015 -0.9524 -0.3048]\n [-0.019  -0.3047  0.9523]] (45.379080 1188.771333 -1624.986311)'
'Camera 9014 [31] True (21.127623 692.712099 1910.258557) [[-0.9997 -0.0082 -0.0229]\n [ 0.0148 -0.9526 -0.3038]\n [-0.0194 -0.304   0.9525]] (47.847037 1240.876388 -1608.515041)'
'Camera 9211 [32] True (161.130568 731.961738 1910.546835) [[-0.9797 -0.1843 -0.0785]\n [ 0.1994 -0.9346 -0.2946]\n [-0.0191 -0.3043  0.9524]] (48.340033 1295.098924 -1591.320920)'
'Camera 9370 [33] True (412.837450 688.743784 1912.372150) [[-0.8629 -0.4767 -0.1678]\n [ 0.5051 -0.8237 -0.2575]\n [-0.0154 -0.307   0.9516]] (37.858565 1351.174226 -1573.170347)'
'Camera 9531 [34] True (644.206539 562.488992 1912.252955) [[-0.6374 -0.7301 -0.2464]\n [ 0.7704 -0.6105 -0.1838]\n [-0.0162 -0.307   0.9516]] (8.297531 1400.747729 -1557.544299)'
'Camera 9759 [35] True (813.883341 369.613137 1913.111196) [[-0.3395 -0.8934 -0.2941]\n [ 0.9405 -0.3276 -0.0907]\n [-0.0153 -0.3073  0.9515]] (-41.964874 1436.199813 -1547.444170)'
'Camera 9952 [36] True (901.985437 159.869841 1913.218909) [[-0.0371 -0.951  -0.307 ]\n [ 0.9992 -0.0389 -0.0001]\n [-0.0118 -0.3068  0.9517]] (-103.695402 1450.980980 -1543.840712)'
'Camera 10126 [37] True (913.612337 -43.525402 1916.208641) [[ 0.2441 -0.922  -0.3005]\n [ 0.9697  0.2295  0.0836]\n [-0.0081 -0.3118  0.9501]] (-165.219545 1449.798690 -1542.473266)'
'Camera 10317 [38] True (871.632410 -235.745561 1916.201516) [[ 0.501  -0.8233 -0.2669]\n [ 0.8654  0.4744  0.1612]\n [-0.0061 -0.3118  0.9501]] (-221.062560 1426.796670 -1550.009641)'
'Camera 10543 [39] True (778.958916 -403.007428 1915.777674) [[ 0.7157 -0.6645 -0.2148]\n [ 0.6984  0.6793  0.2257]\n [-0.0041 -0.3115  0.9502]] (-268.300755 1388.149602 -1562.194439)'
'Camera 10788 [40] True (668.389942 -507.033273 1915.236946) [[ 0.8555 -0.4928 -0.1592]\n [ 0.5179  0.8125  0.2676]\n [-0.0026 -0.3114  0.9503]] (-304.261972 1337.713309 -1577.944286)'
'Camera 10985 [41] True (575.377711 -546.170291 1915.147851) [[ 0.9274 -0.3557 -0.1161]\n [ 0.3741  0.8813  0.2885]\n [-0.0003 -0.311   0.9504]] (-328.635519 1281.616237 -1595.810548)'
'Camera 11186 [42] True (488.693759 -559.797537 1914.664318) [[ 0.972  -0.2234 -0.0735]\n [ 0.2352  0.9238  0.3021]\n [ 0.0004 -0.3109  0.9504]] (-344.064385 1221.639897 -1614.729075)'
'Camera 11385 [43] True (477.690825 -495.954225 1914.421457) [[ 0.9732 -0.2182 -0.0721]\n [ 0.2298  0.9248  0.3032]\n [ 0.0005 -0.3116  0.9502]] (-351.990484 1159.447819 -1634.304772)'
'Camera 11569 [44] True (435.550245 -459.587456 1913.799997) [[ 0.987  -0.1524 -0.0511]\n [ 0.1608  0.9376  0.3084]\n [ 0.0009 -0.3126  0.9499]] (-357.775001 1095.591597 -1653.853433)'
'Camera 11780 [45] True (424.440723 -398.271493 1916.335388) [[ 0.989  -0.1402 -0.0466]\n [ 0.1477  0.9394  0.3094]\n [ 0.0004 -0.3129  0.9498]] (-361.793479 1033.205890 -1677.111355)'
'Camera 12049 [46] True (417.374010 -332.094886 1920.407600) [[ 0.9893 -0.1387 -0.0461]\n [ 0.1461  0.9393  0.3103]\n [ 0.0003 -0.3137  0.9495]] (-364.898027 972.282107 -1701.167353)'
'Camera 12306 [47] True (412.517880 -263.911073 1919.963334) [[ 0.9892 -0.139  -0.0458]\n [ 0.1463  0.9392  0.3106]\n [-0.0002 -0.314   0.9494]] (-369.108978 908.073520 -1721.987312)'
'Camera 12521 [48] True (411.312627 -192.439681 1918.969697) [[ 0.9892 -0.139  -0.0456]\n [ 0.1463  0.9386  0.3123]\n [-0.0006 -0.3156  0.9489]] (-377.488867 843.518711 -1742.020133)'
'Camera 12846 [49] True (413.174468 -120.744511 1918.534032) [[ 0.9892 -0.139  -0.0454]\n [ 0.1462  0.9383  0.3134]\n [-0.001  -0.3167  0.9485]] (-389.186452 778.253586 -1763.213110)'
'Camera 13158 [50] True (415.717184 -48.698749 1918.055811) [[ 0.9896 -0.1365 -0.0445]\n [ 0.1435  0.9382  0.3149]\n [-0.0012 -0.318   0.9481]] (-402.143737 712.354993 -1784.645964)'
'Camera 13463 [51] True (420.002362 -4.356932 1917.711581) [[ 0.9974 -0.0695 -0.0213]\n [ 0.0727  0.9452  0.3184]\n [-0.002  -0.3191  0.9477]] (-414.729760 645.186301 -1807.144858)'
'Camera 13772 [52] True (424.143015 71.360472 1917.315593) [[ 0.9974 -0.0694 -0.0217]\n [ 0.0727  0.9443  0.3209]\n [-0.0018 -0.3216  0.9469]] (-424.827676 578.658364 -1829.143144)'
'Camera 14158 [53] True (414.520305 178.525060 1916.705757) [[ 0.9887 -0.143  -0.0456]\n [ 0.15    0.9357  0.3193]\n [-0.003  -0.3225  0.9466]] (-430.792007 510.435305 -1852.385836)'
'Camera 14488 [54] True (329.187248 347.236467 1917.352262) [[ 0.9032 -0.407  -0.136 ]\n [ 0.4292  0.8548  0.2917]\n [-0.0024 -0.3218  0.9468]] (-441.698546 454.230850 -1871.831679)'
'Camera 14787 [55] True (173.647663 491.630007 1918.776238) [[ 0.7075 -0.6694 -0.2268]\n [ 0.7068  0.6701  0.2268]\n [ 0.0001 -0.3208  0.9472]] (-470.547730 402.273140 -1889.528243)'
'Camera 15062 [56] True (45.388767 565.946686 1919.096689) [[ 0.5213 -0.8082 -0.274 ]\n [ 0.8534  0.4938  0.1671]\n [ 0.0003 -0.321   0.9471]] (-507.160146 373.192888 -1899.685118)'
'Camera 15358 [57] True (-48.752483 616.688150 1918.220568) [[ 0.368  -0.8816 -0.2956]\n [ 0.9298  0.348   0.1195]\n [-0.0025 -0.3188  0.9478]] (-550.702798 353.926975 -1906.230141)'
'Camera 15674 [58] True (-51.440807 667.774412 1916.450452) [[ 0.3532 -0.8871 -0.2972]\n [ 0.9356  0.3331  0.1173]\n [-0.005  -0.3195  0.9476]] (-596.927019 344.171291 -1909.600852)'
'Camera 16025 [59] True (-58.507231 714.968534 1915.833721) [[ 0.3329 -0.8942 -0.2993]\n [ 0.9429  0.3136  0.1118]\n [-0.0061 -0.3195  0.9476]] (-643.005290 335.521946 -1912.848967)'
'Camera 16388 [60] True (-101.937019 757.716512 1915.090825) [[ 0.2715 -0.9124 -0.3062]\n [ 0.9624  0.255   0.0933]\n [-0.0071 -0.3201  0.9474]] (-688.002670 326.732726 -1916.245389)'
'Camera 16719 [61] True (-100.771470 807.446134 1913.312313) [[ 0.2702 -0.9126 -0.3068]\n [ 0.9628  0.253   0.0952]\n [-0.0092 -0.3211  0.947 ]] (-732.504576 318.093307 -1919.672329)'
'Camera 17080 [62] True (-98.891198 856.785782 1911.659592) [[ 0.27   -0.9126 -0.307 ]\n [ 0.9628  0.2522  0.0972]\n [-0.0113 -0.3218  0.9467]] (-776.618488 308.923137 -1923.469252)'
'Camera 17411 [63] True (-98.182109 905.763632 1910.198436) [[ 0.2701 -0.9124 -0.3076]\n [ 0.9627  0.2516  0.0991]\n [-0.013  -0.3229  0.9464]] (-820.607555 299.269145 -1927.679114)'
'Camera 17841 [64] True (-145.686079 946.942387 1909.527486) [[ 0.2205 -0.9242 -0.3118]\n [ 0.9753  0.2043  0.0841]\n [-0.014  -0.3226  0.9464]] (-864.629809 288.029384 -1932.271696)'
'Camera 18229 [65] True (-452.441053 894.821655 1910.199527) [[-0.0981 -0.941  -0.3238]\n [ 0.9951 -0.0969 -0.0201]\n [-0.0125 -0.3242  0.9459]] (-910.995330 280.277539 -1935.407694)'
'Camera 18542 [66] True (-740.767012 736.669846 1910.855371) [[-0.4229 -0.8552 -0.2995]\n [ 0.9061 -0.4032 -0.1281]\n [-0.0112 -0.3256  0.9454]] (-959.338859 285.608365 -1934.136317)'
'Camera 18875 [67] True (-926.914837 552.283709 1910.694522) [[-0.6572 -0.7102 -0.2526]\n [ 0.7536 -0.6245 -0.2049]\n [-0.0122 -0.325   0.9456]] (-1002.028586 307.617705 -1927.758290)'
'Camera 19273 [68] True (-1039.152925 362.713806 1911.092897) [[-0.8193 -0.5389 -0.1956]\n [ 0.5732 -0.7774 -0.259 ]\n [-0.0125 -0.3244  0.9459]] (-1035.427856 341.860852 -1916.949786)'
'Camera 19642 [69] True (-1100.359275 153.562533 1911.470464) [[-0.9326 -0.3376 -0.1278]\n [ 0.3607 -0.8839 -0.2977]\n [-0.0124 -0.3238  0.9461]] (-1057.805188 383.166038 -1903.240208)'
'Camera 20041 [70] True (-1109.012578 -62.842553 1911.955941) [[-0.9916 -0.1182 -0.0532]\n [ 0.1291 -0.9389 -0.3192]\n [-0.0122 -0.3234  0.9462]] (-1068.150838 428.181137 -1888.160032)'
'Camera 20414 [71] True (-1065.432089 -276.054890 1912.323294) [[-0.9939  0.1075  0.0243]\n [-0.1096 -0.94   -0.323 ]\n [-0.0119 -0.3237  0.9461]] (-1066.446847 474.082376 -1872.503469)'
'Camera 20811 [72] True (-975.321763 -469.375353 1911.699629) [[-0.9412  0.3231  0.0987]\n [-0.3376 -0.8891 -0.309 ]\n [-0.0121 -0.3242  0.9459]] (-1053.318606 517.508564 -1857.112285)'
'Camera 21082 [73] True (-849.308768 -626.729291 1912.111637) [[-0.8432  0.5116  0.1653]\n [-0.5375 -0.7955 -0.2798]\n [-0.0116 -0.3248  0.9457]] (-1030.725578 557.006718 -1843.267262)'
'Camera 21423 [74] True (-694.782928 -751.220293 1911.432767) [[-0.705   0.6735  0.2223]\n [-0.7091 -0.6639 -0.2373]\n [-0.0122 -0.325   0.9457]] (-999.127625 590.283851 -1831.376377)'
'Camera 21773 [75] True (-515.609811 -841.633511 1909.934561) [[-0.5343  0.8011  0.2698]\n [-0.8452 -0.5011 -0.1859]\n [-0.0137 -0.3274  0.9448]] (-960.563694 616.658906 -1821.839635)'
'Camera 22035 [76] True (-327.520808 -885.804069 1908.907326) [[-0.3424  0.8893  0.3032]\n [-0.9394 -0.3192 -0.1248]\n [-0.0142 -0.3276  0.9447]] (-917.125785 633.852642 -1814.650664)'
'Camera 22342 [77] True (-154.963044 -883.518577 1908.889353) [[-0.1589  0.9333  0.3219]\n [-0.9872 -0.1456 -0.0652]\n [-0.014  -0.3282  0.9445]] (-870.107134 642.422334 -1810.713755)'
'Camera 22628 [78] True (-81.457360 -843.217843 1910.326782) [[-0.0798  0.9423  0.3251]\n [-0.9967 -0.0712 -0.0385]\n [-0.0131 -0.3271  0.9449]] (-821.903212 641.600726 -1811.028345)'
'Camera 22893 [79] True (-72.979844 -792.386695 1912.315260) [[-0.0772  0.9425  0.3252]\n [-0.997  -0.0693 -0.0356]\n [-0.011  -0.3269  0.945 ]] (-774.634448 639.033231 -1811.554688)'
'Camera 23206 [80] True (-2.572144 -746.497087 1912.673463) [[ 0.0081  0.9446  0.328 ]\n [-0.9999  0.011  -0.0071]\n [-0.0103 -0.3279  0.9446]] (-726.718274 637.873434 -1811.237789)'
'Camera 23465 [81] True (22.820849 -695.702274 1914.102107) [[ 0.0415  0.9437  0.3283]\n [-0.9991  0.0422  0.005 ]\n [-0.0092 -0.3282  0.9446]] (-678.502494 635.940774 -1812.049397)'
'Camera 23707 [82] True (47.998388 -642.688273 1916.729781) [[ 0.0769  0.9417  0.3276]\n [-0.997   0.0751  0.0181]\n [-0.0076 -0.328   0.9447]] (-629.929914 631.703714 -1814.757240)'
'Camera 24018 [83] True (48.161480 -590.243573 1918.462815) [[ 0.0771  0.9422  0.3259]\n [-0.997   0.0748  0.0197]\n [-0.0058 -0.3265  0.9452]] (-580.971094 625.103535 -1817.395041)'
'Camera 24302 [84] True (50.607693 -535.970123 1919.925900) [[ 0.0772  0.9422  0.3261]\n [-0.997   0.0741  0.0218]\n [-0.0036 -0.3268  0.9451]] (-531.371298 619.460919 -1819.300218)'
'Camera 24593 [85] True (52.116074 -480.653001 1921.494910) [[ 0.0773  0.9422  0.3259]\n [-0.997   0.0734  0.0244]\n [-0.001  -0.3269  0.9451]] (-481.405159 614.219386 -1821.227526)'
'Camera 24902 [86] True (53.264695 -425.900721 1922.616608) [[ 0.0777  0.9421  0.3263]\n [-0.997   0.0731  0.0264]\n [ 0.001  -0.3273  0.9449]] (-430.745583 610.264383 -1822.832631)'
'Camera 25166 [87] True (52.845853 -371.014268 1923.181407) [[ 0.0776  0.9422  0.3259]\n [-0.997   0.0723  0.0284]\n [ 0.0032 -0.3272  0.945 ]] (-380.131255 606.201155 -1824.031629)'
'Camera 25492 [88] True (50.524791 -316.402294 1923.788588) [[ 0.0777  0.9427  0.3243]\n [-0.997   0.0718  0.0301]\n [ 0.005  -0.3257  0.9455]] (-329.062370 601.627129 -1825.756953)'
'Camera 25783 [89] True (55.345404 -257.363187 1925.078737) [[ 0.0777  0.9414  0.3281]\n [-0.9969  0.0703  0.0345]\n [ 0.0094 -0.3298  0.944 ]] (-279.032841 600.889179 -1826.554115)'
'Camera 26068 [90] True (52.976293 -208.639645 1925.491273) [[ 0.0778  0.9418  0.327 ]\n [-0.9969  0.0701  0.0352]\n [ 0.0103 -0.3287  0.9444]] (-231.869927 597.612335 -1828.373448)'
'Camera 26319 [91] True (53.504905 -157.895486 1925.963030) [[ 0.078   0.9416  0.3276]\n [-0.9969  0.0696  0.037 ]\n [ 0.0121 -0.3294  0.9441]] (-184.822996 595.084209 -1829.984316)'
'Camera 26590 [92] True (52.098265 -107.176401 1926.575073) [[ 0.078   0.9419  0.3267]\n [-0.9969  0.0692  0.0386]\n [ 0.0137 -0.3286  0.9444]] (-137.368081 591.477335 -1832.260106)'
'Camera 26911 [93] True (49.608175 -55.592322 1927.068850) [[ 0.0782  0.9424  0.3251]\n [-0.9968  0.0688  0.0403]\n [ 0.0157 -0.3273  0.9448]] (-89.481061 587.730941 -1834.587505)'
'Camera 27128 [94] True (48.354182 -3.462725 1927.508634) [[ 0.0785  0.9426  0.3244]\n [-0.9968  0.0684  0.0423]\n [ 0.0177 -0.3267  0.945 ]] (-41.299556 584.378408 -1836.963765)'
'Camera 27412 [95] True (51.123629 49.293456 1927.580056) [[ 0.0787  0.9419  0.3264]\n [-0.9967  0.0679  0.0444]\n [ 0.0197 -0.3288  0.9442]] (7.211648 582.363276 -1838.860884)'
'Camera 27710 [96] True (49.924025 101.308486 1927.979365) [[ 0.079   0.9421  0.3258]\n [-0.9967  0.0678  0.0455]\n [ 0.0208 -0.3283  0.9443]] (56.879289 579.030482 -1841.561483)'
'Camera 28014 [97] True (48.011627 155.100369 1928.265494) [[ 0.0788  0.9425  0.3249]\n [-0.9966  0.067   0.0476]\n [ 0.0231 -0.3275  0.9446]] (106.298135 575.961345 -1844.325972)'
'Camera 28294 [98] True (48.141061 207.871453 1928.450457) [[ 0.0791  0.9423  0.3254]\n [-0.9966  0.0668  0.0489]\n [ 0.0244 -0.3282  0.9443]] (156.314507 573.600402 -1846.888632)'
'Camera 28544 [99] True (47.878202 262.595275 1928.188487) [[ 0.0793  0.9422  0.3256]\n [-0.9965  0.0661  0.0512]\n [ 0.0267 -0.3285  0.9441]] (206.315607 570.913266 -1849.500299)'
'Camera 28832 [100] True (47.214361 318.397730 1927.536868) [[ 0.0795  0.9422  0.3256]\n [-0.9964  0.0654  0.0541]\n [ 0.0297 -0.3287  0.944 ]] (256.196216 568.320675 -1852.128451)'
'Camera 29113 [101] True (44.526067 373.931538 1926.610198) [[ 0.0795  0.9427  0.3241]\n [-0.9963  0.0645  0.0568]\n [ 0.0326 -0.3274  0.9443]] (306.189091 564.752670 -1854.976249)'
'Camera 29401 [102] True (43.379859 428.970705 1925.673522) [[ 0.0797  0.9428  0.3236]\n [-0.9962  0.0639  0.059 ]\n [ 0.0349 -0.3271  0.9443]] (356.599385 561.567197 -1857.846968)'
'Camera 29703 [103] True (43.256777 435.201935 1924.570136) [[ 0.0798  0.9428  0.3236]\n [-0.9961  0.0633  0.0615]\n [ 0.0375 -0.3272  0.9442]] (357.887043 561.491783 -1857.925166)'
'Camera 30003 [104] True (40.318057 439.334900 1924.000787) [[ 0.0802  0.9433  0.3222]\n [-0.996   0.0631  0.063 ]\n [ 0.0391 -0.326   0.9446]] (359.204579 561.393766 -1858.017448)'
'Camera 30328 [105] True (39.043374 444.508257 1922.953380) [[ 0.0806  0.9434  0.3217]\n [-0.9959  0.0628  0.0655]\n [ 0.0415 -0.3256  0.9446]] (359.629959 561.370916 -1858.060996)'
'Camera 30578 [106] True (37.521094 448.059974 1922.314228) [[ 0.0809  0.9436  0.3209]\n [-0.9958  0.0626  0.0671]\n [ 0.0432 -0.325   0.9447]] (360.058603 561.360548 -1858.141464)'
'Camera 30854 [107] True (36.521861 451.273782 1921.800142) [[ 0.0814  0.9437  0.3205]\n [-0.9957  0.0626  0.0686]\n [ 0.0447 -0.3247  0.9447]] (360.486592 561.371968 -1858.281084)'
'Camera 31082 [108] True (34.098240 455.827534 1921.009615) [[ 0.0817  0.9441  0.3194]\n [-0.9956  0.0622  0.0707]\n [ 0.0469 -0.3238  0.945 ]] (360.911082 561.387295 -1858.442054)'
'Camera 31298 [109] True (44.861249 461.148065 1919.757408) [[ 0.0822  0.9422  0.3247]\n [-0.9954  0.0616  0.0732]\n [ 0.049  -0.3293  0.943 ]] (361.329684 561.432256 -1858.594431)'
'Camera 31483 [110] True (43.926151 462.006242 1919.604188) [[ 0.0825  0.9423  0.3243]\n [-0.9954  0.0617  0.0737]\n [ 0.0494 -0.3289  0.9431]] (361.387551 561.434222 -1858.615120)'
'Camera 31654 [111] True (42.566897 463.731604 1919.247495) [[ 0.0829  0.9425  0.3237]\n [-0.9953  0.0619  0.0746]\n [ 0.0503 -0.3284  0.9432]] (361.441796 561.435695 -1858.633821)'
'Camera 31816 [112] True (48.384939 643.554920 1866.518394) [[ 0.072   0.943   0.3249]\n [-0.9868  0.0201  0.1604]\n [ 0.1447 -0.3322  0.932 ]] (361.441311 561.438204 -1858.639899)'
'Camera 31957 [113] True (52.705931 818.443634 1796.599212) [[ 0.0633  0.9434  0.3256]\n [-0.9691 -0.0198  0.2459]\n [ 0.2384 -0.3311  0.913 ]] (361.441209 561.438355 -1858.640323)'
'Camera 32071 [114] True (61.440639 984.430094 1710.999911) [[ 0.0551  0.9429  0.3286]\n [-0.9427 -0.0594  0.3284]\n [ 0.3291 -0.3278  0.8855]] (361.441068 561.438517 -1858.640741)'
'Camera 32195 [115] True (59.836207 1143.137599 1609.358276) [[ 0.0505  0.9436  0.3271]\n [-0.9071 -0.0936  0.4104]\n [ 0.4179 -0.3174  0.8513]] (361.443436 561.437080 -1858.635266)'
'Camera 32347 [116] True (52.066980 1291.890108 1492.870302) [[ 0.0435  0.9457  0.3221]\n [-0.8631 -0.1269  0.4889]\n [ 0.5032 -0.2993  0.8107]] (361.447773 561.435735 -1858.628038)'
'Camera 32497 [117] True (99.870806 1425.078290 1363.632989) [[-0.0059  0.9415  0.337 ]\n [-0.8119 -0.2012  0.5481]\n [ 0.5838 -0.2704  0.7655]] (361.455541 561.435206 -1858.617131)'
'Camera 32648 [118] True (386.918718 1497.833280 1227.627270) [[-0.1622  0.8817  0.443 ]\n [-0.7371 -0.4067  0.5397]\n [ 0.656  -0.239   0.7159]] (361.465372 561.434081 -1858.605365)'
'Camera 32829 [119] True (879.538579 1388.788612 1094.502984) [[-0.3788  0.6961  0.6098]\n [-0.5853 -0.6906  0.4248]\n [ 0.7169 -0.196   0.6691]] (361.471312 561.433604 -1858.598801)'
'Camera 32987 [120] True (1326.793712 1090.668924 974.834694) [[-0.5371  0.4146  0.7346]\n [-0.36   -0.9003  0.2449]\n [ 0.7629 -0.1329  0.6327]] (361.476759 561.433202 -1858.593621)'
'Camera 33175 [121] True (1650.507854 634.871480 879.201081) [[-0.6057  0.0732  0.7923]\n [-0.0897 -0.9957  0.0234]\n [ 0.7906 -0.0569  0.6096]] (361.481631 561.432860 -1858.589973)'
'Camera 33375 [122] True (1793.501741 97.085966 821.067652) [[-0.5763 -0.2703  0.7713]\n [ 0.1787 -0.9626 -0.2038]\n [ 0.7975  0.0204  0.603 ]] (361.485506 561.432466 -1858.587659)'
'Camera 33530 [123] True (1759.678243 -403.822355 800.428556) [[-0.4682 -0.5541  0.6884]\n [ 0.4084 -0.8265 -0.3875]\n [ 0.7836  0.0997  0.6132]] (361.488043 561.433742 -1858.586676)'
'Camera 33674 [124] True (1566.629200 -877.666066 821.949604) [[-0.2921 -0.7826  0.5497]\n [ 0.5931 -0.5991 -0.5379]\n [ 0.7503  0.1689  0.6392]] (361.490015 561.435256 -1858.585846)'
'Camera 33828 [125] True (1234.040219 -1271.276479 872.483664) [[-0.0659 -0.9261  0.3714]\n [ 0.705  -0.3066 -0.6395]\n [ 0.7061  0.2197  0.6731]] (361.491799 561.436777 -1858.585299)'
'Camera 34007 [126] True (789.095918 -1535.739469 958.674519) [[ 0.1781 -0.9699  0.1662]\n [ 0.7352  0.0189 -0.6776]\n [ 0.654   0.2429  0.7164]] (361.493391 561.437582 -1858.584216)'
'Camera 34184 [127] True (357.375727 -1626.221945 1062.028889) [[ 0.3888 -0.9213 -0.0104]\n [ 0.6994  0.3024 -0.6476]\n [ 0.5998  0.2445  0.7619]] (361.494923 561.438138 -1858.582585)'
'Camera 34338 [128] True (232.019960 -1578.544885 1163.863769) [[ 0.4559 -0.8883 -0.0548]\n [ 0.7007  0.3962 -0.5934]\n [ 0.5488  0.2321  0.8031]] (361.496292 561.438466 -1858.581010)'
'Camera 34480 [129] True (234.666628 -1503.010510 1259.407301) [[ 0.4603 -0.8862 -0.0519]\n [ 0.7326  0.4122 -0.5417]\n [ 0.5015  0.2113  0.839 ]] (361.496644 561.438179 -1858.580942)'
'Camera 34613 [130] True (224.276218 -1420.303029 1353.755519) [[ 0.4602 -0.886  -0.0575]\n [ 0.7618  0.4273 -0.4869]\n [ 0.456   0.1803  0.8715]] (361.496932 561.437898 -1858.580634)'
'Camera 34770 [131] True (207.542947 -1329.442007 1445.588017) [[ 0.4595 -0.8857 -0.0665]\n [ 0.7884  0.4412 -0.4287]\n [ 0.409   0.1446  0.901 ]] (361.496749 561.437649 -1858.580831)'
'Camera 34898 [132] True (195.867294 -1228.947561 1533.472714) [[ 0.4609 -0.8845 -0.0722]\n [ 0.8126  0.4533 -0.3662]\n [ 0.3567  0.1101  0.9277]] (361.496766 561.437626 -1858.580789)'
'Camera 35055 [133] True (186.381990 -1123.723733 1613.295156) [[ 0.4669 -0.8811 -0.0751]\n [ 0.8315  0.4663 -0.302 ]\n [ 0.3011  0.0786  0.9503]] (361.496764 561.437599 -1858.580761)'
'Camera 35207 [134] True (183.192983 -1010.173450 1687.069773) [[ 0.4703 -0.8792 -0.0756]\n [ 0.8485  0.4741 -0.2353]\n [ 0.2427  0.0466  0.969 ]] (361.496758 561.437589 -1858.580753)'
'Camera 35341 [135] True (178.852004 -887.475005 1755.167963) [[ 0.4743 -0.877  -0.0764]\n [ 0.8615  0.4803 -0.1649]\n [ 0.1813  0.0123  0.9834]] (361.496756 561.437582 -1858.580760)'
'Camera 35515 [136] True (175.719465 -757.498608 1815.360303) [[ 0.4784 -0.8748 -0.0767]\n [ 0.8702  0.484  -0.0921]\n [ 0.1177 -0.0226  0.9928]] (361.496752 561.437577 -1858.580762)'
'Camera 35664 [137] True (178.104084 -618.911612 1866.933810) [[ 0.4793 -0.8744 -0.0751]\n [ 0.8761  0.4817 -0.0171]\n [ 0.0511 -0.0576  0.997 ]] (361.496749 561.437574 -1858.580762)'
'Camera 35780 [138] True (253.324714 -448.948711 1906.432830) [[ 0.3433 -0.9358 -0.0796]\n [ 0.9391  0.3408  0.044 ]\n [-0.0141 -0.0899  0.9959]] (361.496748 561.437574 -1858.580761)'
'Camera 35940 [139] True (212.703953 -335.253004 1934.574099) [[ 0.4439 -0.8934 -0.0691]\n [ 0.8924  0.4338  0.1242]\n [-0.081  -0.1168  0.9898]] (361.496748 561.437574 -1858.580761)'
'Camera 36073 [140] True (139.982050 -252.144514 1953.725331) [[ 0.7116 -0.7026  0.0015]\n [ 0.6869  0.6962  0.2083]\n [-0.1474 -0.1472  0.9781]] (361.496749 561.437573 -1858.580762)'
'Camera 36190 [141] True (111.640887 -154.369146 1965.685882) [[ 0.8986 -0.4258  0.1062]\n [ 0.3883  0.8842  0.2596]\n [-0.2044 -0.192   0.9599]] (361.496750 561.437573 -1858.580765)'
'Camera 36301 [142] True (147.296007 -23.243293 1969.258275) [[ 0.9314 -0.3259  0.162 ]\n [ 0.2643  0.9118  0.3143]\n [-0.2501 -0.25    0.9354]] (361.496750 561.437572 -1858.580767)'
